bdgt12,minsal12,maxsal12,min_edu12,perc_male12,perc_non_white12,cp_8_tot12,cp_8_perc12,auth_LTLUOF_tot12,all_swrn12,T1_ARD_rate,T2_ARD_rate,T3_ARD_rate,T1_perc_MI,T2_perc_MI,T3_perc_MI,ARD_tot
83233076,35796,55515,1,0.844155848,0.611570239,3.25,0.40625,3,847,0.422618545,1.098003391,0.707420368,0.25,0.2,0.166666666666667,25
11812534,30550,48308,1,0.94615382,0.161538467,4,0.5,4,130,0.460922952,1.190072416,1.339381384,1,0.5,0.333333333333333,8
17353101,33072,50585,1,0.930379748,0.151898727,4.25,0.53125,3,158,2.498500899,0.51336547,0.742037933,0,0,0,10
,42203,68835,3,0.911392391,0.107594937,8,1,2,158,0,0,0.299717067,.,.,1,1
39881825,37814,57720,1,0.941176474,0.132352948,3,0.375,4,408,0.761095247,0.885525205,1.088500536,0.6,0,0,22
43000000,31449,48651,1,0.839999974,0.331764698,4,0.5,4,425,0,0,0.151513085,.,.,0.25,4
30000000,29361,46938,1,0.894639552,0.338262469,5,0.625,3,541,0.516892032,0.787891681,0.898255844,0.5,8.33333333333334E-02,0.142857142857143,23
11000000,36186,45139,1,0.903999984,0.384000003,2.5,0.3125,4,125,0.112622759,0.147434565,0,0,0,.,3
45140014,35403,45573,1,0.869318187,0.435606062,8,1,4,528,0.374769517,0.907312277,0,0.333333333333333,0,.,14
138070888,36000,57514,1,0.959064305,0.15594542,3,0.375,5,513,0,0.005915587,0.016920657,.,0,0.5,3
16779760,35880,49109,1,0.957317054,0.207317069,3,0.375,4,164,0,0,0,.,.,.,0
6826405,27232,40848,1,0.829787254,0.063829787,2,0.25,3,47,0,0,0.257989949,.,.,0,1
9693714,31124,46685,1,0.948717952,0.044871796,6,0.75,3,156,0,0,1.068573952,.,.,0,3
50331498,39140,58737,1,0.82397002,0.314606756,1.25,0.15625,0,534,0,0.180576472,0.89041758,.,0.5,0.142857142857143,9
,29370,29370,1,0.809210539,0.539473712,4,0.5,4,152,0,0,0,.,.,.,0
34000000,29952,33691,1,0.682926834,,5,0.625,3,123,0,0,0,.,.,.,0
228239400,44725,62660,1,0.953703701,0.19629629,0,0,4,1080,0.035837085,0.002791228,0.011439026,0.125,0,0,12
64129770,51875,73673,1,0.902515709,0.141509429,7.25,0.90625,4,318,0.473263006,0.066436001,0.203559855,0.25,1,0.5,7
36254671,52249,73528,1,0.909909904,0.139639646,4,0.5,4,222,0,0.080639569,0.339151669,.,0,0,4
75355455,49992,68418,,0.876923084,0.200000003,4.25,0.53125,4,390,0.10737079,0.266193906,0.646153449,0,0,0,11
155000000,54122,72862,1,0.88874346,0.200261787,5.25,0.65625,5,764,0.636020501,0.696619854,0.552994576,0,0.315789473684211,0.2,40
37585854,52237,73492,1,0.887096763,0.155913979,8,1,4,186,0.195955479,0.226413898,0,0,0,.,3
565000000,46238,72426,1,0.867886186,0.234417349,6,0.75,5,2952,0.648220706,0.421613053,0.856423174,0.222222222222222,0.102564102564103,0.137254901960784,126
132213485,42099,59238,1,0.883268476,0.315175086,5,0.625,3,514,0.112007419,0.192531325,0.201532859,0.25,0.1,0.125,22
54143976,45052,62254,1,0.929906547,0.289719611,6.75,0.84375,5,214,0,0.088487744,0.387231681,.,0,0.166666666666667,7
65646399,49878,76980,1,0.893462479,0.176755443,6.25,0.78125,5,413,0.688108116,0.283394901,0.671098902,0,0,0.166666666666667,16
2350243,39674,57210,1,0.875,0.208333328,5.25,0.65625,3,24,0,0,0,.,.,.,0
156367016,45968,61589,1,0.853838086,0.313354373,6,0.75,4,951,0.640194777,0.732532134,1.001344663,7.69230769230769E-02,0.173913043478261,0.19047619047619,57
307208469,65894,72508,1,0.885082901,0.361325979,7.25,0.90625,5,905,0.08555608,0.045861693,0.112560461,0,0,0.428571428571429,16
25318554,80558,97926,1,0.897435904,0.333333343,6.75,0.84375,3,78,0,0,0.330508587,.,.,0,1
114943826,61173,86070,1,0.912121236,0.354545444,7.25,0.90625,5,330,0.676974735,0.348120497,0.874003636,0,0,0.166666666666667,28
69631317,53433,65081,1,0.942073166,0.25,1.25,0.15625,4,328,0.737912078,0.31373238,0.836593725,0,0,0.166666666666667,26
58279325,92832,115536,,0.804733753,0.437869817,4,0.5,3,169,0.489960705,0.164457996,0.4332643,0,0,1,5
53037000,76764,90336,2,0.913793087,0.293103456,4,0.5,5,116,0,0,0,.,.,.,0
25100000,85720,108471,1,0.918032765,0.27868852,6.75,0.84375,5,61,1.319644224,0.426901633,0,0,0,.,3
23393910,81064,86759,1,0.928571403,0.285714298,3.75,0.46875,5,84,0.633440596,0,0,0,.,.,2
48738860,62772,84420,1,0.907894731,0.289473683,7,0.875,4,152,0.725626215,0.15892541,0,0,0,.,4
39028163,43720,57986,4,0.971698105,0.018867925,2,0.25,5,106,0.236955595,0.3055511,0.338540844,0,1,0.666666666666667,9
1902730000,67764,98256,1,0.923970163,0.310063601,2,0.25,5,7234,0.032408559,0.011881004,0.011197384,2.17391304347826E-02,0.153846153846154,5.88235294117647E-02,89
43963270,67250,81742,1,0.888888896,0.400966197,7.25,0.90625,5,207,0.251180549,0.152403247,0.198080991,0,0.5,0.5,6
41455037,70416,85593,,0.870748281,0.244897962,4.75,0.59375,5,147,0.400073614,0.136386202,0.601390415,0,0,0.333333333333333,6
41399330,56695,69213,1,0.891156435,0.360544205,6.75,0.84375,5,147,0.877476238,0.217129805,0.157837251,0.2,0,0,8
39085419,71028,95184,1,0.877049208,0.254098356,4,0.5,5,122,0.228179221,0.151742766,0.22337783,1,0,0,3
30000000,54600,54600,1,0.917525768,0.484536082,4.5,0.5625,4,97,0,0.844437689,0.63592196,.,0,0,3
25648000,76960,100100,1,0.899082541,0.366972476,4,0.5,5,109,0,0,0.241103289,.,.,0,1
30129178,75000,100000,1,0.862745106,0.490196079,3.25,0.40625,4,102,0.453062704,0.456029624,0,0,0,.,5
26000000,56867,69285,1,0.928571403,0.133928567,7,0.875,5,112,0.525436375,0.365088753,0.246463252,0,0,1,5
54415534,58510,71156,1,0.954545438,0.064935066,2,0.25,5,154,0.148084965,0.285389757,0,1,0.666666666666667,.,4
21000000,62640,76140,1,0.940170944,0.56410259,4,0.5,5,117,0.205355676,0.268423228,0.434363354,1,0,0.5,5
33221490,54570,73129,,0.89864862,0.222972974,0,0,5,148,0.918489562,0.874372638,0.169405387,0.4,0.428571428571429,1,13
29297744,119891,181696,1,0.810344815,0.258620679,4.25,0.53125,3,116,0.24328059,0.157087473,0.6964823,0,0,0,5
40000000,58801,58801,1,0.909604549,0.25988701,6.25,0.78125,5,177,1.316629691,0.188868113,0.619388342,0,0,0.2,15
47329306,77609,107140,1,0.883040965,0.280701756,4,0.5,5,171,0.488937783,0.082787762,0.675718289,0.5,0,0.166666666666667,11
164422408,39572,48100,,0.830832183,0.512960434,3.25,0.40625,4,733,0.147002617,0.018627219,0.131871146,0.2,0,0.2,11
145552400,51660,76176,1,0.884615362,0.451923072,0,0,0,728,1.384412621,0.352980212,0.790698226,0.2,0.3,0.125,51
37300000,64499,82319,1,0.888888896,0.333333343,6.75,0.84375,4,135,0,0.622564217,0.360818047,.,0.2,0,7
45180306,68376,91620,1,0.967320263,0.346405238,5,0.625,5,153,0.299349215,0.400607321,0.143357666,1,0.75,0,7
68000000,75396,98544,1,0.893617034,0.404255331,7,0.875,4,235,0,0.083312922,0.128549245,.,0,1,2
55468090,91520,104000,1,0.8820225,0.398876399,6,0.75,4,178,0.530650365,0.237074126,1.00406983,0,0,0.166666666666667,11
,57732,70608,,0.965517223,0.275862068,4,0.5,5,58,0,0,0.616933593,.,.,0.5,2
45263490,70476,87300,1,0.948979616,0.454081625,2,0.25,5,196,0.386104361,0.427203645,0.385192185,0.666666666666667,0.2,0,11
47061600,56856,69384,1,0.879310369,0.614942551,3,0.375,5,174,0.433997639,1.301823421,0.449713083,0.5,0,0,13
56988995,64043,86861,2,0.808080792,0.272727281,6,0.75,5,198,0.146575126,0,0,1,.,.,1
198766720,44338,45982,1,0.926391363,0.333931774,6.25,0.78125,4,557,0.280470686,0.127035909,0.408803048,0,0.333333333333333,0.214285714285714,28
,59342,79497,1,0.910447776,0.164179102,4,0.5,4,67,0,0.315650587,0,.,0,.,1
199933700,95000,97000,1,0.904040396,0.464646459,5,0.625,4,792,0.683548563,0.386812643,0.801467005,0.230769230769231,0.181818181818182,6.66666666666667E-02,39
2806127000,54784,94546,1,0.825922728,0.559680581,4.25,0.53125,4,9266,0.040520666,0.076469203,0.155578925,0.0625,2.22222222222223E-02,0.112903225806452,123
1256645232,47782,87320,1,0.808568537,0.646774173,6.75,0.84375,5,9920,0.287961809,0.430609034,0.596194877,0.113636363636364,0.1,0.141304347826087,236
48688327,61712,75011,,0.94470048,0.253456235,5,0.625,5,217,1.087629065,0.320409612,0.736930537,0,0.75,0,19
200000000,58370,85830,1,0.891233742,0.586038947,7,0.875,5,616,1.065579525,1.344963909,0.499076708,0.235294117647059,0.03125,0.125,57
51359864,60840,86544,1,0.906403959,0.256157637,5.25,0.65625,4,203,0.748135646,0.300437437,0.145948754,0.2,0.333333333333333,0,9
65843095,58800,71472,1,0.964444458,0.360000014,6,0.75,4,225,0.896046642,0.284840233,0.747558474,0.166666666666667,0.333333333333333,0.2,14
64000000,66297,81181,1,0.845132768,0.610619485,5.75,0.71875,5,226,0.354323455,0.458023309,0.180444181,0.5,0.25,0,7
39803211,64608,78888,1,0.927152336,0.483443707,5,0.625,5,151,0.162182851,0.214830617,0.165769302,0,0,0,4
25915350,57928,81504,,0.928571403,,4,0.5,5,98,1.998195915,0.547477225,1.377334582,0.142857142857143,0.333333333333333,0.6,15
24097786,57525,73418,1,0.885416687,0.4375,5.25,0.65625,4,96,0.76459614,0.663673499,0.491448791,0,0.25,0,9
15582013,91128,112999,1,0.870270252,0.513513505,8,1,4,185,0.488629589,0.162647643,0.234706523,0,0,0,4
91268017,62904,80280,1,0.893442631,0.303278685,7,0.875,5,366,0.710444241,0.556832558,0.876709184,0.25,0.3,0.181818181818182,29
124556913,59400,72200,,0.817460299,0.247619048,5,0.625,4,630,0.392962601,0.217133576,0.368021265,0.428571428571429,0.666666666666667,0.142857142857143,20
55567000,61428,87036,1,0.911196887,0.389961392,3,0.375,4,259,1.279708431,0.995966336,0.937668487,0,0,0.125,30
635192554,52244,74698,1,0.838401377,0.395308435,5,0.625,5,2302,0.076768595,0.039417957,0.047213417,0.333333333333333,0.285714285714286,0.5,22
415271291,56167,75941,1,0.85035497,0.343528122,7,0.875,5,1831,0.296032455,0.330374237,0.37359491,0.466666666666667,0.2,0.2,60
492000000,88842,123760,,0.84430027,0.476830393,7,0.875,3,2158,0.565398666,0.386118451,0.484341834,0.176470588235294,5.88235294117647E-02,0.1875,50
294752941,72571,97198,,0.90157479,0.451771647,4,0.5,4,1016,0.333945939,0.160504541,0.254384314,0.25,0.111111111111111,0.1,31
101365485,71904,87396,1,0.907692313,0.538461566,6.75,0.84375,3,325,0.729905696,0.391899823,0.60437568,0.1,0,0.125,26
35000000,74147,90126,1,0.885714293,0.214285716,6,0.75,4,140,0.283282909,0.195751411,0.278896462,0,0,1,3
44361846,101604,129648,2,0.905109465,0.277372271,3,0.375,4,137,0.489739948,0,0.628609265,0,.,0.333333333333333,5
22414705,62950,76520,1,0.934065938,0.450549453,5,0.625,5,91,0,0,0.739214855,.,.,0,3
73484000,74832,92388,1,0.897560954,0.497560978,8,1,5,205,0,0.564436016,0.27229556,.,0,0,4
42300000,72324,92208,1,0.9375,,6,0.75,4,160,0.325974991,0.215118993,0.292937282,1,0.5,0.5,6
40000000,47208,60252,1,0.904109597,,3.5,0.4375,5,73,0,0,0.139988577,.,.,1,1
28235400,58490,80683,1,0.934426248,0.122950822,2,0.25,5,122,0.640396192,0.135858121,0.198739199,0,0,1,5
90340310,59645,76631,1,0.884146333,0.329268306,8,1,5,328,0.552555384,0.336507723,0.671176976,0.333333333333333,0.166666666666667,0,20
33000000,92272,111089,2,0.924623132,0.306532651,5.75,0.71875,3,199,0,0.127884433,0,.,0,.,1
66984670,99490,99490,1,0.927927911,0.346846849,3.25,0.40625,5,222,0,0.466298291,0.170036796,.,0,0,5
79410154,49008,59730,1,0.853754938,0.474308312,6.25,0.78125,4,506,0.447809699,0.039760926,0.165937647,0.142857142857143,0,0,11
230627923,54601,63149,1,0.887533903,0.322493225,6.25,0.78125,5,738,0.189602215,0.042063324,0.149524929,0.5,1,0.2,13
28500000,67468,82008,1,0.944000006,0.247999996,6.25,0.78125,3,125,0.240209078,0.318909076,0.232053019,0,0,0,4
24500000,61608,78636,1,0.931034505,0.229885057,6,0.75,5,87,1.396757288,0.185804534,0,0.2,0,.,6
30882664,58945,80538,1,0.901639342,0.44262296,5.25,0.65625,4,122,0,0.198322981,0,.,0,.,1
58038010,48638,68003,1,0.862857163,0.208571434,5.25,0.65625,5,350,0,0,0.054395363,.,.,0,1
72239303,47052,72000,1,0.831485569,0.126385808,8,1,4,451,0,0.03006893,0.041978285,.,0,0,2
92458923,47101,47101,1,0.89852941,0.151470587,6,0.75,5,680,0.60257973,0.325075336,0.663658083,0.142857142857143,0,0.222222222222222,22
25531278,50892,73284,1,0.780821919,0.12328767,6.5,0.8125,2,219,0.089853395,0,0.163763682,0,.,0,3
29593231,50176,74340,2,0.78612715,0.485549122,7,0.875,4,173,0,0,0.491120541,.,.,0,2
21837207,51002,72114,2,0.861111104,0.097222224,5.25,0.65625,5,144,1.185705139,0.359249599,0.857662355,0,0,0.5,5
92822328,46235,46235,,0.875806451,0.179032251,5.75,0.71875,4,620,0.607372695,0,0.173677848,0,.,0,12
132039846,50004,71040,,,,0,0,0,,0.016481024,0,0.004831013,0,.,0,4
196962557,51610,82692,1,0.885755599,0.32899493,5.25,0.65625,3,1383,0.852051561,0.290670466,0.591235525,0.263157894736842,0.4,0.2,44
64025373,41664,62460,1,0.803874075,0.179176763,6,0.75,3,413,0,0.055923439,0.038761853,.,0,0,3
12667150,54180,56892,1,0.894230783,,6,0.75,4,104,0.563291424,0.352845701,0.834738476,0,0,0,4
29059962,53402,73718,1,0.908450723,0.098591551,5,0.625,4,142,0.599419762,0.183741791,1.04869071,0,0,0.25,7
40734913,52125,77709,3,0.812977076,0.118320614,5.25,0.65625,4,262,0.175470612,0,0.343604827,0,.,0,3
22285910,52680,76188,,0.875912428,0.05839416,7,0.875,4,137,0,0,0,.,.,.,0
26787316,,,2,0.864864886,0.291891903,7,0.875,4,185,0.964803952,0.480963466,1.391827191,0,0,0,13
43050154,47164,61981,1,0.904428899,0.424242437,4,0.5,2,429,0.358002062,0.363226908,0.341471743,0,0,0,7
13932000,54241,54241,1,0.946902633,0.044247787,3,0.375,4,113,0,0,0,.,.,.,0
140000000,48000,48000,1,0.949999988,0.115000002,6,0.75,3,1000,0.014353908,0.004727405,0.034830594,0,0,0.2,8
15415789,50176,71616,1,0.910958886,0.116438359,5,0.625,3,146,0,0,0,.,.,.,0
14713843,55000,63000,1,0.934579432,0.046728972,4,0.5,2,107,0,0,0,.,.,.,0
18843000,58481,73515,2,0.910344839,0.117241383,5.25,0.65625,2,145,0,0,0,.,.,.,0
11985445,56299,74690,1,0.952830195,0.103773586,3,0.375,3,106,0,0.287445529,0,.,0,.,1
36793817,46104,64764,1,0.89316237,0.352564096,6,0.75,4,468,0.803942534,0,0.800685387,0,.,0,8
17976412,50239,69208,2,0.890756309,0.092436977,3,0.375,3,119,0,0.29882502,0,.,0,.,1
13000000,47174,71801,1,0.916666687,0.13333334,6,0.75,4,120,0,0.279609218,1.236848181,.,1,0,4
9300000,53924,61152,1,0.918181837,0.054545455,7.75,0.96875,3,110,0,0.902461916,0,.,0,.,3
15000000,66367,70349,1,0.920634925,0.142857149,4,0.5,3,126,1.047895825,0.471942989,0.341749484,0,0,1,6
18951761,59035,71844,1,0.925714314,0.262857139,4.25,0.53125,3,175,0,0,0,.,.,.,0
53389471,55625,69880,1,0.924000025,0.131999999,6.25,0.78125,4,250,0,0.139458344,0,.,1,.,1
9900000,51807,66671,1,0.898989916,0.24242425,2,0.25,4,99,0.498186601,0,0,0,.,.,1
28000000,56000,56000,1,0.91366905,0.197841734,3,0.375,4,278,0.231203181,0.310826394,0,1,0,.,3
125341600,53049,74443,1,0.889728069,0.14350453,4.5,0.5625,3,662,0,0.097329853,0.136723941,.,0.2,0.2,10
51564000,44574,73680,1,0.894736826,0.305921048,5,0.625,5,304,0.693952894,0.915222903,1.052011446,0.5,0,0,9
10273149,38000,55100,1,0.858585835,0.202020198,3,0.375,2,99,0,0.411390582,0.596374046,.,0,1,2
36210747,32000,52915,,0.807121634,0.160237387,1.25,0.15625,4,337,0.16108974,0.203806286,0.145430853,0,0,0,4
39161400,52900,80900,2,0.813131332,0.13131313,6.25,0.78125,3,198,0,0.383723964,0.56924268,.,0,0,4
24648013,48241,71931,1,0.850931704,0.236024842,5,0.625,4,161,0,0,0.713256587,.,.,0,2
33737129,40539,62795,2,0.883720934,0.093023255,4,0.5,5,215,0,0.10420835,0.310081365,.,0,0,3
54504279,39520,57247,1,0.837370217,0.131487891,5,0.625,3,289,0,0.109304669,0,.,1,.,1
24332321,30722,54350,1,0.902438998,0.063414633,6.25,0.78125,4,205,0.395388192,0.238190514,0.89695752,0,0.5,0.2,9
37611529,34650,57173,1,0.87843138,0.125490203,5.25,0.65625,4,255,0.158728143,0.275210674,0.257274435,0,0.333333333333333,0.5,6
35700770,44471,65860,2,0.883116901,0.186147183,5,0.625,4,231,0.461799911,0.62014927,0.689769341,0,0,0.333333333333333,9
131973300,44645,72821,1,0.903908789,0.436482072,4,0.5,5,614,0.087219241,0.318821635,0.075204481,0,0.166666666666667,0,8
36996406,42051,49500,2,0.908571422,0.514285743,7,0.875,4,175,0,0.389462697,0.505960211,.,0,0,2
43833358,53866,80358,3,0.827586234,0.177339897,8,1,3,203,0,0,0,.,.,.,0
36000000,51687,84238,2,0.865853667,0.256097555,7,0.875,3,164,0,0.574666406,0,.,0.333333333333333,.,3
237824679,31879,53645,1,0.884204626,0.356942087,0,0,3,1779,0.001468941,0.002792685,0.005199888,0,0,0.25,8
91459637,52166,77771,1,0.842424214,0.296969712,5.25,0.65625,4,495,0.460357114,1.063858081,0.292830914,0,0,0,17
31237460,39541,61048,1,0.793103456,0.287356317,8,1,4,174,0.979854198,1.078574125,0,0.5,0,.,6
12193521,36000,59490,1,0.862385333,0.357798159,7.25,0.90625,4,109,0,0.844822925,0.586235198,.,0.5,0,3
57949500,41939,62908,2,0.812286675,0.245733783,6,0.75,5,293,0,0.153909138,0.39667743,.,0,0.5,3
40000000,39401,58941,1,0.862745106,0.111111112,3,0.375,3,306,0.348555933,0.394923651,0.432471082,0,0,0,9
22681611,31796,47068,1,0.876712322,0.150684938,3,0.375,2,146,0,0,0.254769281,.,.,1,1
63000000,42417,58263,1,0.844594598,0.368243247,5,0.625,3,296,0.348655584,0.227262914,0.516400892,0.5,0,0.333333333333333,7
21315131,48574,67662,1,0.872548997,0.568627477,1.5,0.1875,4,102,0.731379088,0.286990162,0.791264441,0,0,0,4
366768040,38148,62472,3,0.864150941,0.239622638,4.25,0.53125,4,1590,0.484633249,1.003323509,0.478178903,0.133333333333333,0.0625,0,79
17972228,37169,57540,1,0.8125,0.390625,6,0.75,4,128,0,0.265055131,0,.,0,.,1
53910837,35485,35485,1,0.805157602,0.146131799,2,0.25,3,349,0,0.110999002,0.329830533,.,0,0,6
36301786,42239,65848,,0.845070422,0.244131461,6,0.75,3,213,0.284543592,0.366264142,1.2500125,1,0,0,8
20301000,41700,64200,2,0.817518234,0.102189779,6,0.75,4,137,0.351291347,0.451738516,0,0,0,.,3
137697982,35294,62000,1,0.814305365,0.165061891,2,0.25,5,727,0.101582658,0.198369179,0.232452545,0,0.142857142857143,0,15
31451893,41759,59539,2,0.870967746,0.218637988,1,0.125,2,279,0,0,0,.,.,.,0
2900000,35097,35097,1,0.896551728,0.068965517,3,0.375,2,29,0,0,0,.,.,.,0
12882827,49216,49216,1,0.847619057,0.180952385,5,0.625,4,105,0,0,0,.,.,.,0
67053024,28520,50556,1,0.769953072,0.17840375,5,0.625,4,426,0,0.257127841,0.07459903,.,0,0,6
62036640,41120,72987,1,0.841823041,0.107238606,3.5,0.4375,1,373,0.370035967,0.360256503,0.16799156,0,0.333333333333333,0,6
22957736,37339,56887,1,0.875739634,0.147928998,6,0.75,5,169,1.006103696,0.858243861,0.648946112,0,0,0,9
91992541,53092,74724,1,0.880319178,0.739361703,7,0.875,5,376,0.279917592,0.768562711,0.551949486,0,0,0,7
156963000,44942,73768,1,0.802898526,0.894685984,6,0.75,4,1035,0.132691108,0.040625437,0.362413383,0,0,0.166666666666667,9
36777300,49276,73007,1,0.791666687,0.520833313,8,1,4,192,0.258675993,0.292323298,0.388412867,0,0,0,5
44398488,42286,65587,1,0.827225149,0.230366498,6.5,0.8125,5,191,0,0,0.668368779,.,.,0,2
10793759,50583,72696,1,0.914285719,0.142857149,7,0.875,3,70,0,0,1.242853592,.,.,0,1
18246180,46576,72641,2,0.854166687,0.625,7.25,0.90625,4,96,0,0.429664003,0,.,0,.,1
24169330,46072,62473,1,0.814159274,0.752212405,4,0.5,4,113,0,0,0,.,.,.,0
21571640,36000,36000,1,0.83116883,0.181818187,7,0.875,4,154,0,0,0.878040214,.,.,0,2
28098890,34490,63094,1,0.880658448,0.119341567,2,0.25,4,243,0.140367426,0.184073585,0.131521493,0,0,0,4
180381258,38002,59363,,0.844011128,0.318941504,2,0.25,4,1436,0.440476129,0.297624922,0.124767724,0.176470588235294,0,0.166666666666667,42
129602286,43237,69293,1,0.835635364,0.364640892,7,0.875,5,724,0.250832765,0.742665068,1.101930582,0.5,0,0,23
53333254,37745,58513,1,0.90206188,0.237113401,5,0.625,4,388,0.364307573,0,0,0,.,.,3
20000000,35811,57467,1,0.810810804,0.216216221,6,0.75,3,148,0,0.16556401,0.240098344,.,0,0,2
51270714,48755,56472,1,0.85281384,0.277056277,3.25,0.40625,3,231,0.167867479,0.658687762,0.155951742,0,0.166666666666667,0,8
18240000,32968,61859,1,0.842465758,0.171232879,3.5,0.4375,4,146,0,0.315435522,0.955292319,.,0,0,3
35360806,54968,80306,3,0.874251485,0.137724549,3,0.375,4,167,0,0.193021873,0.284039266,.,0,0,2
128234266,33316,54317,1,0.829921246,0.116535433,8,1,4,635,0.244878129,0.174530121,0.081148017,0.2,0,0.5,13
13884829,38459,54265,1,0.866666675,0.685714304,4,0.5,4,105,0.787823402,0.452960094,0.754625857,0,0,0,3
86554672,40000,60889,1,0.874673605,0.054830287,4,0.5,5,383,0,0.134817767,0.064742184,.,0,0,4
97184163,36089,63167,1,0.810126603,0.210970461,7.25,0.90625,4,474,0.064704147,0.122380746,0.058026451,0,0,1,5
41608572,57963,81900,1,0.890804589,0.270114928,4.25,0.53125,4,174,0.560940585,0.182189185,0.28139527,0,0,1,4
49622958,42765,72525,2,0.803370774,0.21348314,7,0.875,4,356,0.162403045,0.416815157,0.668552877,0,0.25,0.2,10
142000000,46384,75358,2,0.839622617,0.307127893,3,0.375,3,954,0.47222231,0.395389755,0.359562197,0.166666666666667,0.125,0,19
51364849,45324,72808,,0.894117653,0.325490206,3,0.375,3,255,0.56222732,0.822460407,0.981325378,1,0,0,11
16771801,33172,48186,1,0.824999988,0.754999995,4.25,0.53125,3,200,0,0.221817036,0,.,0,.,1
21700000,33248,33248,1,0.886554599,0.189075634,8,1,3,238,0,0.146986627,0,.,0,.,1
168651480,39327,57417,1,0.823711336,0.628350496,7,0.875,5,1940,0.177297001,0.335149845,0.676018252,0,0.1,8.33333333333334E-02,25
19200000,24835,30514,1,0.918181837,0.059090909,5.25,0.65625,4,220,0,0.180061437,0.248358351,.,0,0,2
29673539,30000,58000,1,0.808290184,0.450777203,1,0.125,3,193,0,0.107661632,0,.,1,.,1
5986182,30283,40518,1,0.857142866,0.063492067,2.5,0.3125,3,63,0,0,1.001682827,.,.,0,1
33553781,37354,56283,1,0.856749296,0.476584017,7,0.875,4,363,0,0,0.344962399,.,.,0,3
55420523,38355,60278,1,0.933566451,0.134615391,3,0.375,4,572,0.038400865,0.066385722,0.095567028,1,0,0.5,5
16400000,26413,39204,1,0.627272725,0.690909088,0,0,2,110,0,0,0,.,.,.,0
14281290,34500,43882,1,0.777777791,0.658119678,2,0.25,2,117,0,0.392184546,0.70256295,.,0,0,2
19000000,37864,58286,2,0.664122164,0.572519064,4.75,0.59375,4,131,0,0.179470061,0.380361191,.,0,0,3
104635459,35023,37648,1,0.920168042,0.170868352,5.25,0.65625,4,714,0,0.125089627,0.279008515,.,0.2,0.25,13
29824123,31928,47892,1,0.85958904,0.1130137,3.5,0.4375,3,292,0,0.186615907,0,.,0.5,.,2
24000000,32385,51875,1,0.908256888,0.192660555,0,0,4,109,0,0.127253662,0,.,0,.,1
23091950,30264,30264,1,0.92281878,0.392617464,2,0.25,4,298,0,0,0.27402065,.,.,0,1
13000000,36483,53575,1,0.893129766,0.122137405,7,0.875,3,131,0.407950132,0.262372159,0,0,0,.,2
18000000,32073,49691,1,0.776595771,0.223404258,4.25,0.53125,2,188,0,0,0.291307388,.,.,1,1
18170498,36757,56690,1,0.850746274,0.119402982,6,0.75,4,134,0,0.187520862,0.266831747,.,0,0,2
12540940,31779,34779,1,0.837037027,0.251851857,0,0,4,135,0,0,0,.,.,.,0
8998233,30451,30451,1,0.922330081,0.058252428,3,0.375,3,103,0,0.277241777,0.355371078,.,0,0,2
32000000,48297,64563,1,0.846534669,0.03960396,4,0.5,3,202,0,0.133621957,0.390262178,.,0,0,3
15823934,44810,65509,1,0.938053071,0.053097345,4.5,0.5625,3,113,0,0,0,.,.,.,0
24800000,49796,70296,1,0.932515323,0.08588957,5,0.625,5,163,0,0.167283944,0.24663832,.,1,0,2
55095869,56732,68573,1,0.855555534,0.11388889,8,1,3,360,0,0,0.604776281,.,.,0,5
11181073,42390,65208,1,0.920000017,0.079999998,4.25,0.53125,3,75,0,0,0.356465573,.,.,0,1
,41000,41000,1,1,0,4,0.5,3,14,0,0,0,.,.,.,0
49049320,43386,61760,1,0.859375,0.046875,2,0.25,3,128,0.064332512,0,0.056343107,1,.,0,2
18724697,43942,64572,,0.895161271,0.056451611,7,0.875,4,124,0,0,0.302228025,.,.,0,1
14040747,45552,63003,1,0.864000022,0.048,3,0.375,2,125,0,0,0,.,.,.,0
57526582,38800,40600,1,0.926174521,0.087248325,5,0.625,3,149,0,0.089327666,0.061115579,.,0,0,3
46669785,40456,44636,,0.91166079,0.084805652,3,0.375,4,283,0.262995945,0.083708347,0.235512452,0.5,0,0.5,5
4500000,51882,75068,,0.897435904,0.128205135,6,0.75,3,39,0,0,0,.,.,.,0
55867024,73320,86985,1,0.888501763,0.181184664,4.25,0.53125,3,287,0,0,0.125042514,.,.,0,1
4206128,47350,48302,2,0.972222209,0.194444448,1.25,0.15625,3,36,1.078748652,0,1.049714478,0,.,0,2
8918777,37020,42679,1,0.884057999,0.101449274,5.25,0.65625,4,69,0,0,0,.,.,.,0
1250254874,43104,89142,2,0.765985727,0.478574991,5.25,0.65625,4,12042,0.217836752,0.295044364,0.552515493,0.08,0.04,0.05,135
21633181,61736,61736,,0.927152336,0.450331122,6.75,0.84375,2,151,0,0,0,.,.,.,0
455602619,49500,92000,4,0.723136485,0.58180058,1.25,0.15625,3,2066,0,0,0.009557761,.,.,0,2
20287717,52613,52613,1,0.926829278,0.042682927,5.25,0.65625,5,164,0,0,0,.,.,.,0
34395830,61877,65741,3,0.893854737,0.195530728,6,0.75,5,179,0,0,0,.,.,.,0
26000000,56553,82333,,0.822085917,0.398773015,3.75,0.46875,4,163,0,0,0.331433117,.,.,0,1
383830100,57708,110160,3,0.898895025,0.186740339,5.25,0.65625,3,1810,0,0,0,.,.,.,0
30000000,49000,49000,1,0.924686193,0.158995822,7,0.875,3,239,0,0,0.168613592,.,.,0,1
27270004,44958,74668,1,0.848837197,0.162790701,1,0.125,4,86,0,0,0,.,.,.,0
2343975,45717,64717,1,1,0.05882353,4.75,0.59375,2,17,0,0,0,.,.,.,0
15339668,56676,56676,1,0.892857134,0.083333336,5,0.625,5,84,0,0,0,.,.,.,0
35499023,64278,90332,3,0.886904776,0.083333336,4,0.5,0,168,0,0,0,.,.,.,0
14000000,54807,82653,2,0.963302732,0.04587156,3.5,0.4375,5,109,0,0,0,.,.,.,0
18290372,61144,86256,2,0.867924511,0.320754707,6.25,0.78125,2,106,0,0,0,.,.,.,0
19600000,63044,87942,3,0.936363637,0.081818178,8,1,3,110,0,0,0,.,.,.,0
12347418,46570,56607,1,0.963414609,0.085365854,6.25,0.78125,4,82,0,0,0.642343268,.,.,0,1
45833351,45631,66423,1,0.874045789,0.164122134,7.25,0.90625,2,262,0.329543582,0.535172615,0.662940939,0,0,0.5,11
26762129,59700,88121,3,0.852173924,0.052173913,8,1,3,115,0,0,0,.,.,.,0
15000000,63016,82426,2,0.857142866,0.238095239,3,0.375,3,105,0,0,0,.,.,.,0
37000000,69154,78836,1,0.880658448,0.078189299,4,0.5,4,243,0.220097547,0.143319861,0,1,1,.,2
27305822,55358,55358,1,0.901408434,0.316901416,4,0.5,3,142,0,0.182872859,0.281335104,.,0,1,2
5076625,55924,76171,1,0.90322578,0,3.75,0.46875,3,31,0,0,0,.,.,.,0
32970067,49743,79761,1,0.912,0.064000003,7,0.875,2,125,0,0.055926535,0,.,0,.,1
11480291,44211,44211,1,0.945454538,0.145454541,4,0.5,5,110,0,0,0,.,.,.,0
9000000,34000,34000,1,0.988372087,0.802325606,4,0.5,3,86,0,0,0,.,.,.,0
8726440,40688,40688,1,0.89915967,0.067226894,7,0.875,4,119,0,0.315782161,1.46621833,.,0,0,4
31980986,43417,56390,1,0.911347508,0.031914894,7,0.875,4,282,0,0,0,.,.,.,0
51000000,49023,49023,1,0.882217109,0.17551963,6,0.75,3,433,0.113897811,0,0.589263617,0,.,0,7
17000000,39304,39304,1,0.895652175,0.643478274,5.5,0.6875,4,230,0,0.171736323,0,.,0,.,1
2000000,30916,35063,1,0.9375,0,0,0,2,16,0,0,0,.,.,.,0
5837548,39929,45564,1,0.896551728,0.034482758,1,0.125,5,58,0,0,0,.,.,.,0
24000000,39000,39000,1,0.95588237,,3.25,0.40625,3,204,0,0,0.313731396,.,.,0,1
,38444,60008,1,0.952875376,0.091853037,6,0.75,2,1252,0,0,0.007642272,.,.,0,2
12555573,49255,49255,1,0.924528301,0.056603774,3.75,0.46875,4,106,0,0,0.439630007,.,.,0,1
14021750,45297,53236,1,0.946969688,0.022727273,7,0.875,4,132,0,0.272077749,0,.,0,.,1
12193208,41847,46869,1,0.917197466,0.324840754,2,0.25,4,157,0,0,0.050646451,.,.,0,1
11428229,51235,51235,1,0.961904764,0.00952381,4,0.5,4,105,0,0,0,.,.,.,0
9386732,42000,42000,1,0.912621379,0.019417476,2,0.25,4,103,0,0,0.356699531,.,.,0,1
31370703,42330,42330,1,0.912698388,0.178571433,4.25,0.53125,4,252,0,0,0.248015873,.,.,0,1
10401007,41151,41151,1,0.962121189,0.022727273,1,0.125,4,132,0,0,0.409084959,.,.,0,1
74000000,39000,45000,1,0.853813589,0.063559324,2.5,0.3125,4,472,0,0.03175807,0,.,0,.,1
50109247,40417,71043,1,0.880319178,0.247340426,3,0.375,5,376,0,0.116248521,0.339517071,.,0,0,3
16000000,42120,70720,1,0.931972802,0.129251704,6,0.75,3,147,0,0.185094694,0,.,1,.,1
13459052,37779,56966,1,0.887640476,0.101123594,6.25,0.78125,5,89,0,0.36988541,0,.,0,.,1
21806788,39965,67185,1,0.909638584,0.090361446,7.25,0.90625,4,166,0,0.141275264,0.192241147,.,0,0,2
30924932,39672,68604,1,0.839999974,0.123999998,6,0.75,3,250,0,0.196977576,0,.,0,.,2
50257137,40419,59121,1,0.856321812,0.103448279,6.25,0.78125,4,174,0.054007812,0.070153433,0.099228203,0,0,0,5
26515252,38084,38084,1,0.897058845,0.128676474,7.25,0.90625,4,272,0,0.410222751,0.390811246,.,0,0,5
75454073,42805,60483,1,0.872239769,0.186119869,8,1,3,634,0.140997189,0.139550202,0.713216815,0,0,0.272727272727273,16
16440745,41993,56293,1,0.977272749,0.022727273,1,0.125,3,132,0,0,0.202731195,.,.,0,1
14000000,34197,34197,1,0.932038844,0.038834952,6,0.75,3,103,0,0,0,.,.,.,0
21532889,30687,41132,1,0.909952581,0.19905214,3.75,0.46875,4,211,0.035764509,0,0.154596781,0,.,0,2
189000000,,,1,0.972639024,0.040600177,3.25,0.40625,4,1133,0,0.007885959,0.05694028,.,0.5,0.1,12
162700976,35131,55577,,0.865573764,0.15245901,7.25,0.90625,4,1220,0.107293528,0.160248706,0.410365076,0.333333333333333,0,0,20
17847227,31000,32888,1,0.89808917,0.22292994,8,1,5,157,0.547657123,0,0,0,.,.,1
84402820,31390,43450,1,0.898176312,0.305471122,5,0.625,3,658,0.555333422,0.656610315,0.652009493,0,0,0.166666666666667,20
18735791,32700,49700,1,0.921568632,0.156862751,4.75,0.59375,2,153,0.430211148,0.268847558,0.386667698,1,1,0,3
30420000,33720,65745,1,0.602620065,0.449781656,3.75,0.46875,4,458,0.099863387,0.132025227,0,0,0,.,3
70174000,34800,34800,1,0.677152336,0.192052975,7.5,0.9375,4,604,0.407854738,0.180696876,0,0,0,.,5
2100000,19000,19000,1,0.789473712,0.131578952,2,0.25,4,38,0,0,0,.,.,.,0
54000000,31000,38000,1,0.544444442,0.377777785,6.5,0.8125,3,450,0.257414834,0.081440255,0,0.5,0,.,3
33663132,32100,32100,1,0.697095454,0.136929467,7.75,0.96875,3,241,0.273879559,0.898918421,0,0,0.2,.,6
300000000,35609,66306,1,0.958592117,0.227743268,0,0,3,966,0.033360511,0.025730857,0.021782758,0.166666666666667,0,0.25,17
128528462,36570,57909,,0.80174464,0.614591599,6,0.75,1,1261,1.279230415,1.133200975,0.812457684,0.166666666666667,0.4,8.33333333333334E-02,51
31000000,33412,33412,1,0.664215684,0.117647059,2.75,0.34375,3,408,0.169035416,0.11148794,0,0,0,.,2
19400000,33282,33282,1,0.719047606,0.314285725,2,0.25,1,210,0.89206066,0,0,0,.,.,1
55134500,33000,33000,1,0.808318257,0.372513562,5,0.625,3,553,0.504123732,0.583885105,1.857658756,0,0.142857142857143,6.66666666666667E-02,26
8821399,31054,49650,1,0.970588207,0.044117648,1.25,0.15625,4,68,0,0.589511413,0,.,0,.,1
,,,1,0.879999995,,6,0.75,3,50,0,0,0,.,.,.,0
278780806,55941,57170,1,0.578029215,0.345120221,5.5,0.6875,3,2121,0.343869495,0.112640202,0.235671562,0.25,0.25,0,18
18000000,36555,51555,1,0.905882359,0.252941191,4.25,0.53125,3,170,0,0.176966093,0.797075265,.,0,0,4
,58000,63000,,0.899999976,0.161538467,6,0.75,2,130,0,0,0,.,.,.,0
45000000,39781,57243,1,0.910071969,0.226618707,6,0.75,0,278,0.246094481,0,0,1,.,.,1
10192582,39673,39673,1,0.944444418,0.079365082,3,0.375,3,126,0,0,0,.,.,.,0
15954000,52000,52000,1,0.964285731,0.049107142,8,1,3,224,0.539025442,0,0,0.5,.,.,2
8524520,45514,54693,1,0.899999976,0.108333334,6,0.75,4,120,0,0.258470064,0,.,1,.,1
11730212,48352,51952,1,0.941176474,0.235294119,7.75,0.96875,4,119,0,0,0,.,.,.,0
9931121,42999,48877,1,0.956140339,0.236842111,0,0,4,114,0,0,0,.,.,.,0
24028450,47881,76188,1,0.919642866,0.191964284,0,0,3,224,0.239576046,0,0.230368036,1,.,0,2
20400811,42467,42467,1,0.938202262,0.157303378,5.75,0.71875,2,178,0,0.379577227,0.547927191,.,0.5,0,4
22245881,42559,69917,1,0.940740764,0.248148143,4,0.5,3,270,0,0.360855806,0.263354718,.,0,1,3
17047527,48062,48062,1,0.888888896,0.096296296,5,0.625,2,135,0,0,0,.,.,.,0
49718199,44250,58924,1,0.902499974,0.097499996,0,0,3,400,0,0,0,.,.,.,0
22000000,95000,95000,0,0.942708313,0.026041666,3,0.375,1,192,0,0.182384569,0,.,1,.,1
14382569,48772,48772,1,0.927999973,0.175999999,3.75,0.46875,1,125,0,0.44950285,0,.,0.5,.,2
37090369,45604,57304,1,0.918793499,0.364269137,2,0.25,3,431,0,0.330963634,0.32562259,.,0,0,5
11547172,49522,57830,1,0.951456308,0.038834952,1,0.125,4,103,0,0,0.445990545,.,.,0,1
13623218,48048,55229,1,0.897260249,0.061643835,6.25,0.78125,3,146,0,0,0,.,.,.,0
7737663,62000,87500,1,0.876923084,,5.25,0.65625,2,65,0,0,0.760733956,.,.,0,1
9833486,45349,54674,1,0.910112381,0.02247191,3.5,0.4375,1,89,0,0,0.455323644,.,.,0,1
16000000,43860,70176,1,0.880341887,0.282051295,6,0.75,3,117,0,0.457096886,0.647332988,.,0,0,2
410000000,43136,69893,1,0.844354033,0.492709398,3,0.375,3,2949,0.079532982,0.160195567,0.563296864,0.5,0.166666666666667,0.142857142857143,22
190000000,46699,96143,1,0.859078586,0.145257458,2,0.25,3,1845,0,0,0.061165446,.,.,0,2
75544255,42838,77074,1,0.905405402,0.172297299,5.25,0.65625,2,296,0,0,0.166011475,.,.,1,1
27840201,43187,69144,1,0.858208954,0.141791046,6,0.75,4,134,0,1.395143784,0,.,0,.,5
9469785,37794,60195,1,0.93617022,0.031914894,5,0.625,3,94,0,0,1.230375511,.,.,0,2
66516256,44699,47174,1,0.915492952,0.07394366,5,0.625,3,284,0,0,0.20110851,.,.,0.5,2
95532202,49483,84906,2,0.834821403,0.232142851,6,0.75,4,448,0,0.06090683,0.166983936,.,1,0.5,3
320424897,42838,78227,1,0.926380396,0.170415819,2,0.25,3,1467,0,0.005899224,0.034113457,.,0,0.125,10
250599471,46972,76043,,0.818911672,0.216770738,5,0.625,4,1121,0,0.036568633,0.152402318,.,0,0.166666666666667,8
20972895,45606,62161,1,0.838461518,0.36153847,2,0.25,4,130,0.027207005,0.017702417,0.049765654,1,0,0,4
5443959,34174,34174,1,0.915662646,0.012048192,7.25,0.90625,2,83,0,0,0,.,.,.,0
13662981,39228,51875,1,0.863354027,0.043478262,6.25,0.78125,3,161,0.392865561,0.794988393,0,0,0,.,4
2000000,30534,30534,1,1,0,3.25,0.40625,4,15,0,0,0,.,.,.,0
24918785,44595,47923,1,0.75,0.172413796,2,0.25,4,116,0,0,0.215292669,.,.,0,1
250000,40200,43617,1,0.800000012,0,1,0.125,2,5,0,0,0,.,.,.,0
37700000,47428,67030,,0.906593382,0.093406595,7,0.875,3,182,0,0,0.518274354,.,.,0,2
267911971,29347,47909,1,0.747426748,0.669437826,5,0.625,1,2526,0,0.019357988,0.498948644,.,0,7.14285714285714E-02,15
15000000,46762,67325,2,0.920792103,0.03960396,2,0.25,3,101,0,0,0,.,.,.,0
21758778,44000,65000,1,0.852941155,0.588235319,4.25,0.53125,1,102,0,0.287296881,0.248719097,.,0,0,3
52547545,41065,64630,1,0.883161485,0.12371134,4.25,0.53125,3,291,0,0,0,.,.,.,0
375000,30000,30000,2,0.800000012,0,1,0.125,2,5,0,0,0,.,.,.,0
24000000,44553,63294,,0.870229006,0.137404576,3,0.375,4,131,0,0,0,.,.,.,0
33513551,40369,47869,1,0.767195761,0.211640209,5.75,0.71875,3,189,0,0.293316204,0.228799444,.,0,0,3
21271540,47008,62691,2,0.935483873,0.024193548,4.25,0.53125,3,124,0,0,0,.,.,.,0
62625350,45247,57746,2,0.900862098,,2,0.25,3,232,0,0,0,.,.,.,0
577982700,43867,65478,1,0.89185977,0.172311351,5.25,0.65625,4,1683,0.007440487,0.003335211,0.025339689,0,0,0,15
26000000,49027,63315,1,0.864000022,0,5.75,0.71875,3,125,0,0,0,.,.,.,0
24645965,60499,62326,1,0.875968993,0.116279073,4.5,0.5625,4,129,0,0.219789881,0.344794296,.,0,0,2
32380010,47979,74926,3,0.892617464,0.006711409,2,0.25,4,149,0,0,0.19170309,.,.,0,1
11582000,35547,35547,,0.884057999,0.014492754,1,0.125,5,69,0,0,0,.,.,.,0
36000000,46000,46000,1,0.934343457,0.02020202,4.25,0.53125,2,198,0,0.124302971,0.186371057,.,1,0,2
15200000,43854,62650,1,0.973333359,0.053333335,2.5,0.3125,3,75,0,0,0.301630009,.,.,1,1
18280700,44000,58000,2,0.846153855,0.051282052,6.25,0.78125,4,156,0,0.397146897,0.289986197,.,0,0,3
136098777,51380,65580,2,0.839285731,0.202380955,3,0.375,5,840,1.406797646,0.404051288,0.254530645,9.52380952380952E-02,0.111111111111111,0,34
,,,,,,0,0,0,,0.009882644,0.028933516,0.009308066,0,0,0,13
6200000,46318,68068,2,0.833333313,0.083333336,4,0.5,3,48,0.755172935,1.053352294,0,0,0.5,.,3
1372245,64896,64896,2,0.916666687,0.083333336,1,0.125,3,12,0,0,0,.,.,.,0
3726076,43638,61443,2,0.935483873,0,2.5,0.3125,4,31,0,0,0,.,.,.,0
5151940,49390,65273,1,0.921568632,0,2.25,0.28125,4,51,0,0,0,.,.,.,0
1295907,28835,28835,0,0.823529422,0,1,0.125,4,17,0,0,0,.,.,.,0
13500000,33003,49507,1,0.834710717,0.05785124,6.5,0.8125,5,121,0,0,0,.,.,.,0
19440925,38644,56830,2,0.822368443,0.052631579,6.5,0.8125,3,152,0,0,0,.,.,.,0
25612039,41983,71545,1,0.917525768,0.082474224,6.25,0.78125,5,194,0,0.153075126,0.639549757,.,0,0,4
8585725,28152,39419,1,0.915789485,0.010526316,3.5,0.4375,4,95,0,0,0,.,.,.,0
196432911,39984,68340,1,0.861335278,0.228173152,4.25,0.53125,4,1363,0.169388935,0.967856013,0.699963387,0,0.115384615384615,0.307692307692308,42
301464028,39372,42936,2,0.950372219,0.054590572,1,0.125,4,1209,0,0.002855912,0.016575795,.,0,0,5
12185755,44803,64896,,0.933333337,0.00952381,4.75,0.59375,4,105,0,0,0.304956147,.,.,1,1
31833760,33321,53622,2,0.933753967,0.056782335,5,0.625,5,317,0,0.221501604,0.770696278,.,0,0,7
17876752,32329,37494,1,0.939226508,0.116022103,4,0.5,4,181,0,0.517156673,0.356567256,.,0.5,0,3
12000000,30000,33000,1,0.900826454,0.404958665,6.25,0.78125,2,121,0,0.34446649,0,.,0,.,1
41726645,31037,31037,1,0.765327692,0.856236815,5,0.625,2,473,1.25279094,1.234392062,0.570005187,0.111111111111111,0,0,26
9000000,34605,34605,2,0.930000007,0.189999998,6,0.75,4,100,0,0.461144006,1.408847563,.,0,0,3
6760760,28392,33529,1,0.85135138,0.662162185,7.75,0.96875,2,74,0,0.650787453,1.066098081,.,0,0,2
19290264,45448,67558,1,0.91366905,0.021582734,6,0.75,3,139,0.262549884,0.164459619,0.934981394,0,0,0,6
35000000,44000,44000,1,0.942386806,,5,0.625,0,243,0,0,0.024888723,.,.,0,1
6530363,34267,47238,1,0.907894731,0.039473683,1,0.125,4,76,0,0,0,.,.,.,0
21000000,32258,40452,1,0.868020296,0.116751269,7,0.875,4,197,0.3620827,0.228601735,0.291674445,0,0,0,3
13000000,32906,54309,1,0.84677422,0.104838707,5,0.625,5,124,0.540295217,0.342308667,0,0,0,.,2
21000000,38292,45094,1,0.872222245,0.105555557,8,1,2,180,0,0.145915958,0,.,0,.,1
12594282,37048,53547,1,0.870689631,0.155172408,5,0.625,4,116,0,0.33201854,0,.,0,.,1
211316611,40674,40674,1,0.86523217,0.228765577,7.25,0.90625,4,1766,0.112274945,0.250014433,0.290246929,0,0,0.111111111111111,23
16550240,33395,58774,1,0.865384638,0.166666672,5,0.625,3,156,0.424138575,0,0,0,.,.,1
40151049,35348,59490,1,0.836177468,0.32081911,6.75,0.84375,4,293,0.082249558,0,0.154297653,0,.,0,3
14000000,31569,47353,1,0.928571403,0.015873017,3,0.375,4,126,0.164281302,0.106786951,0.153129977,0,0,1,3
4736347,33043,56885,1,0.923076928,0.218934909,6,0.75,2,169,0,0,0,.,.,.,0
40000000,33813,57941,1,0.845360816,0.280927837,7,0.875,2,388,0,0.897359967,0.989594415,.,0.111111111111111,0.125,17
41816466,32500,52796,1,0.868292689,0.131707311,3,0.375,3,205,0,0.049362386,0,.,0,.,1
13067444,35670,55291,3,0.91911763,0.095588237,4,0.5,4,136,0,0.196078431,0.585069038,.,0,0,3
16000000,30000,38000,1,0.905882359,0.111764707,7,0.875,4,170,0,0.475328095,1.375080786,.,0,0,6
65355241,35556,64375,1,0.847826064,0.242028981,8,1,4,690,0.327353673,0.349960664,0.270679948,0.333333333333333,0,0,11
22000000,40872,61360,1,0.861878455,0.243093923,3,0.375,3,181,0.744158357,0.454634315,0.573118452,0.5,0,0.5,6
57000000,33963,57737,1,0.868217051,0.139534891,3.25,0.40625,4,258,0,0.035916908,0.149736763,.,0,0,4
17885205,,,1,0.844961226,,2,0.25,3,129,0.266476225,0.331856572,0.230912752,0,0,0,4
10808576,33955,50933,,0.878504694,0.112149529,5,0.625,2,107,0,0.406424763,0.623550246,.,0,0,2
22508577,34158,53371,1,0.858447492,0.10958904,8,1,4,219,0.273095704,0,0.23455238,0,.,0,2
16506144,34850,55760,1,0.774999976,0.150000006,8,1,3,120,0,0.473700167,0,.,0,.,2
8663643,27416,48378,1,0.925373137,0.164179102,2.25,0.28125,5,67,0,0.294022522,0,.,0,.,1
88398000,34281,58358,1,0.892857134,0.174603179,6.75,0.84375,3,756,0.315654573,0,0.059076656,0,.,0,5
15000000,35118,52677,1,0.886666656,0.273333341,5.25,0.65625,3,150,0,0.291722094,0,.,0,.,1
22000000,32162,48244,1,0.868131876,0.060439561,3,0.375,3,182,0.171249298,0.090636851,0.119892576,0,0,0,3
24000000,35000,35000,1,0.828685284,0.314741045,5,0.625,4,251,0.274312299,0.515926656,0.682301996,0,0.333333333333333,0.333333333333333,7
61642450,32100,35140,1,0.853790641,0.19314079,8,1,5,554,0,0.168081916,0.213357002,.,0,0,4
14000000,47466,61693,1,0.841379285,0,2,0.25,2,145,0,0,0,.,.,.,0
14300000,43000,60000,1,0.87969923,0.060150377,6,0.75,5,133,0,0,0.047057495,.,.,0,1
38033450,45508,64332,1,0.847094774,0.058103975,7.25,0.90625,4,327,0,0.068518587,0.094196018,.,0,0,2
60535490,44137,44137,1,0.942307711,0.023504274,7,0.875,3,468,0,0,0.013492611,.,.,0,1
121748730,41537,72820,1,0.845000029,0.200000003,4,0.5,3,800,0.247361274,0.115791668,0.652323458,0.25,0,0.181818181818182,18
18000000,41982,64450,1,0.789473712,0.007518797,5.25,0.65625,3,133,0,0,0,.,.,.,0
20570203,47925,70722,1,0.920930207,0.041860465,5.25,0.65625,3,215,0,0,0,.,.,.,0
17672990,48349,48349,1,0.931034505,0.057471264,5,0.625,3,174,0,0,0,.,.,.,0
,,,,,,0,0,0,,0,0.012811882,0.018929943,.,0,0,2
24211000,37922,94502,1,0.931034505,0.114942528,6.75,0.84375,1,174,0,0,0.388102335,.,.,0,1
59895336,41777,106392,1,0.913439631,0.16628702,4.25,0.53125,1,439,0,0,0,.,.,.,0
14000000,44449,48594,1,0.853503168,0.292993635,3.5,0.4375,0,157,0,0,0,.,.,.,0
23595232,41780,94339,,0.939849615,0.075187966,5.75,0.71875,3,133,0,0,0,.,.,.,0
19300000,34000,43000,1,0.964028776,0.179856122,5,0.625,1,139,0,0,0,.,.,.,0
26276016,35629,35629,1,0.721739113,0.943478286,6,0.75,1,230,0,0,0.388996079,.,.,0,1
33524846,60457,88499,1,0.917177916,0.374233127,4,0.5,1,326,0,0.132674208,0.395388192,.,0,0,3
18034000,37000,88000,1,0.848137558,0.41833812,6.75,0.84375,2,349,0,0.064743944,0.031736199,.,0,0,4
9000000,39906,93299,1,0.960317433,0.365079373,4,0.5,2,126,0.633199939,0,0,0,.,.,1
23689782,30139,84584,1,0.845493555,0.446351945,3.5,0.4375,3,233,0,0,0,.,.,.,0
,41282,100760,1,0.939393938,0.25252524,3.25,0.40625,2,99,0,0,0,.,.,.,0
15000000,48081,94981,1,0.94615382,0.123076923,3,0.375,1,130,0,0,0,.,.,.,0
16500000,43363,109765,1,0.963235319,0.316176474,6,0.75,2,136,0,0.333667,0,.,0,.,1
227817000,57854,81022,3,0.95925492,0.173069462,6,0.75,2,2577,0.005788112,0.007644706,0.005653559,0,0,0,8
132502505,34466,89866,1,0.795795798,0.74874872,2.75,0.34375,1,999,0.089956857,0.17847072,0.270049365,0,0,0,7
2547340,64368,64368,1,0.944444418,0.055555556,1,0.125,1,18,0,0,0,.,.,.,0
40191125,33128,87292,1,0.882191777,0.564383566,5,0.625,5,365,0,0,0.172153782,.,.,0,1
12592717,51343,51343,1,0.912280679,0.587719321,7,0.875,3,114,0.516027824,0,0.483147805,0,.,0,2
32051061,37571,79311,1,0.897435904,0.401709408,4,0.5,1,234,0,0.199478961,0.591877079,.,0,0,3
,42402,42402,1,0.891025662,0.769230783,4.25,0.53125,1,156,0,0,0,.,.,.,0
13950000,46012,86220,0,0.942028999,0.210144922,6,0.75,1,138,0,0.574583858,0.410819338,.,0.5,0,3
13537762,44133,100030,1,0.949999988,0.75999999,4,0.5,1,100,0,0,0,.,.,.,0
155098000,41683,41683,,0.870236874,0.453141093,8,1,3,971,0.37087586,0.779538669,0.85521329,0.142857142857143,8.33333333333334E-02,0.157894736842105,50
20800000,42765,60429,1,0.914772749,0.653409064,6.25,0.78125,5,176,0.649434992,0.37896875,0.742228864,0,0,0,7
127269800,37128,52743,4,0.946107805,0.610778451,4.75,0.59375,4,501,0.013336079,0.02544951,0.095248754,0,0,0.125,12
90476916,55577,86236,1,0.903903902,0.135135129,6,0.75,4,333,0.232718336,0.663297117,0.564591104,0,0.6,0.166666666666667,18
489000000,56035,79747,1,0.909223497,0.227852717,6.25,0.78125,4,2743,0.555012524,0.708344145,0.455970477,0.257142857142857,0.263157894736842,7.40740740740741E-02,119
65864911,46416,69029,1,0.832993865,0.164969444,2,0.25,1,491,0,0.047688941,0.027230228,.,0.142857142857143,0,10
88081724,,,1,0.928792596,0.328173369,1,0.125,4,323,0.86503993,0.236497193,0.559306639,0.6,0.333333333333333,0,13
54000000,51737,70899,1,0.927835047,,8,1,3,291,0.386833228,0.466859947,0.43284984,0.333333333333333,0.5,0.25,13
87051966,45884,62920,1,0.837563455,0.144670054,4,0.5,4,394,0.202236466,0.123545255,0.058151977,0,0.333333333333333,0,7
18192848,35000,56750,1,0.942857146,0.028571429,1,0.125,4,105,0,0,0,.,.,.,0
14000000,47699,63341,1,0.898989916,0.030303031,8,1,3,99,0,0.057033874,0,.,0,.,1
15118150,47070,56014,,0.877551019,0.020408163,3.75,0.46875,3,49,0,0,0,.,.,.,0
136000000,41103,69496,1,0.831501842,0.069597073,5.25,0.65625,2,273,0.033933366,0,0,0,.,.,1
75000000,35000,108132,1,0.900579572,0.11547035,2.25,0.28125,5,2243,0,0.064693828,0,.,0,.,4
4612690000,41975,76488,2,0.830963016,0.478173792,5,0.625,4,34454,0.191695456,0.184504927,0.191922532,8.06451612903226E-02,0.120879120879121,0.125,217
690000000,74357,84457,,0.915187359,0.133245677,5,0.625,5,4563,0.003908262,0.006039014,0.010250158,0,0,0.125,18
32000000,45000,55000,2,0.952380955,0.00952381,5,0.625,4,105,0,0.077752638,0,.,0,.,1
35914597,48832,60100,1,0.822966516,0.038277511,3,0.375,2,209,0,0.036819963,0.053550162,.,0,1,2
451326836,54351,109858,1,0.890651107,0.114774622,5.25,0.65625,3,2396,0.051088631,0.050939191,0.111354607,0,0.25,0.166666666666667,13
47734700,49400,57699,1,0.900485456,0.196601942,4,0.5,4,412,0,0,0.377740507,.,.,0,3
29300000,44843,59833,1,0.840579689,0.043478262,3,0.375,5,138,0,0,0,.,.,.,0
15013345,30000,30000,1,0.921985805,0.163120568,3,0.375,4,141,0,0,0,.,.,.,0
128712737,52790,63140,1,0.769776881,0.338742405,6,0.75,4,986,0.078774645,0.250711016,0.927330973,0,0,0.181818181818182,17
12920198,33237,55577,1,0.76119405,,4.75,0.59375,5,134,0,0,0,.,.,.,0
172000000,47282,47282,1,0.912756085,0.358228683,2,0.25,3,1513,0.812877717,0.530438051,0.575553555,0,7.14285714285714E-02,0,38
46919600,48609,59113,1,0.874269009,0.114035085,5.75,0.71875,4,342,0,0.321489654,0.884273375,.,0,0.2,8
4730000,49795,69954,1,0.916666687,0.222222224,3,0.375,4,36,0,0,0,.,.,.,0
99128566,42619,74921,1,0.892473102,0.092473119,4.75,0.59375,2,465,0,0,0.020911105,.,.,0,1
12368146,42515,56804,1,0.805194795,0.025974026,3.75,0.46875,4,77,0,0,0,.,.,.,0
16769067,41561,42590,1,0.878787875,0.030303031,4.75,0.59375,2,99,0,0,0,.,.,.,0
47767748,49670,61484,1,0.904522598,0.045226131,5.25,0.65625,4,199,0,0,0.046788004,.,.,0,1
258365903,44762,56930,1,0.918543041,0.149668872,6,0.75,4,1510,0.004372235,0,0.004327716,0,.,0,4
13071134,40290,54766,1,0.905511796,0.086614177,5,0.625,4,127,0,0,0.415648328,.,.,0,1
17957214,38230,38230,1,0.908333361,0.041666668,3,0.375,1,120,0,0,0,.,.,.,0
11400000,36608,36608,3,0.970588207,0.014705882,4,0.5,5,68,0,0,0,.,.,.,0
38130375,38867,53160,,0.806060612,0.063636363,3,0.375,2,330,0,0,0,.,.,.,0
78349907,,,1,0.831103683,0.265886277,7,0.875,4,598,0,0.281148751,0.176048899,.,0,0,7
20243373,30000,54383,1,0.886666656,0.25333333,3,0.375,4,150,0,0,0,.,.,.,0
,,,1,0.857142866,0.028571429,3.25,0.40625,3,35,0,0,0,.,.,.,0
19816948,35276,49732,1,0.921212137,,1,0.125,3,165,0,0,0.508254046,.,.,0.5,2
25900376,43250,66606,2,0.914634168,0.109756097,7,0.875,5,164,0.252023751,0,0.216334089,0,.,1,2
185269375,42073,47710,1,0.89632827,0.146868244,5,0.625,4,926,0,0.092217064,1.084781517,.,0,0.115384615384615,29
46300000,34188,46188,1,0.867768586,0.380165279,7,0.875,4,242,0,0,0,.,.,.,0
46000000,34104,67368,2,0.874074101,0.288888901,7,0.875,4,270,0,0,0.040728818,.,.,0,1
82747000,45507,45507,3,0.860256433,0.238461539,5,0.625,4,780,0.064465056,0.174763,0.634538703,0,0,0.4,15
27407366,50916,68244,1,0.888059676,0.037313432,5,0.625,5,134,0,0.182780605,0.539490721,.,0,1,3
36533516,54980,70155,1,0.90780139,0.078014188,4,0.5,5,141,0,0,0.154057568,.,.,0,1
4200000,42000,54000,1,0.857142866,0.035714287,3.75,0.46875,5,28,0,0,0,.,.,.,0
22366968,45420,57204,1,0.852459013,0,2,0.25,0,122,0.23558014,0,0,0,.,.,1
,48576,66072,1,0.918300629,0.073529415,1,0.125,3,612,0.007023269,0,0.076911698,0,.,8.33333333333334E-02,13
165251729,60445,76398,2,0.839285731,0.146008402,6,0.75,3,952,0.649900472,0.495540446,0.497424997,0.214285714285714,0.4375,0.416666666666667,42
34893930,52540,66996,1,0.919354856,0.059139784,5,0.625,5,186,0.174930378,0.107886038,0.952810473,1,0,0.166666666666667,8
1266543,42531,42531,1,1,0,2,0.25,3,9,0,0,0,.,.,.,0
80543846,56396,68574,1,0.874316931,0.106557377,6.25,0.78125,4,366,0.156414235,0.192383906,0.13694328,0,0.166666666666667,0.666666666666667,12
14462312,31000,31000,,0.870967746,0.129032254,2,0.25,2,155,0,0,0,.,.,.,0
31867264,48000,48000,1,0.957746506,0.103286386,5,0.625,4,213,0.235942543,0,0.210501499,0,.,1,2
15000000,46000,46000,1,0.941747546,0.349514574,4.75,0.59375,4,103,0,0.452910858,1.470372004,.,0,0,3
957089000,58211,92073,,0.950611472,0.063029163,2.25,0.28125,5,4252,0.004043523,0.009311973,0.04501507,0,0,0.217391304347826,32
600102216,46783,65097,2,0.772217929,0.432847261,7,0.875,3,6515,0.033798879,0.116100895,0.533081073,0,0.1,0,45
71543006,29037,29037,,0.820945919,0.156531528,4,0.5,4,888,0,0,0,.,.,.,0
19476030,59494,59494,1,0.916083932,0.013986014,2.5,0.3125,4,143,0,0,0,.,.,.,0
22083509,40479,40479,1,0.897260249,0.047945205,6.25,0.78125,2,146,0,0,0,.,.,.,0
20233933,55415,55415,,0.921985805,0.092198581,3,0.375,2,141,0,0.691381241,0.351271603,.,0.333333333333333,0,4
,59932,98328,1,0.932084322,0.210772827,7,0.875,5,427,0.283502963,0.096641327,0.140109397,0,0,0,4
17111709,39033,39423,2,0.896969676,0.060606062,6.75,0.84375,2,165,0,0,0,.,.,.,0
11287507,33304,46092,1,0.889705896,0.095588237,5,0.625,4,136,0,0.10940943,0.460654006,.,0,0.333333333333333,4
,35000,40000,0,0.905882359,0.180392161,4.25,0.53125,4,255,0,0,0.136925529,.,.,0.5,2
42655754,34766,47653,1,0.821686745,0.216867477,8,1,4,415,0,0,0.398143061,.,.,0,2
30810156,34028,49224,1,0.845744669,0.337765962,6,0.75,2,376,0,0.276512732,0.189845542,.,0,0,3
36120373,32027,53367,1,0.917274952,0.109489053,4.25,0.53125,3,411,0,0.038992922,0.481175351,.,0,0,10
19220965,30387,34948,1,0.877005339,0.181818187,2,0.25,5,187,0,0.289376971,0.823601114,.,1,0,3
5038171,29119,52036,1,0.833333313,0.09259259,7,0.875,5,54,0,0,0,.,.,.,0
1986512,26000,35000,1,0.888888896,0.611111104,6,0.75,3,36,0,0,0,.,.,.,0
11036313,36670,58650,2,0.868217051,0.116279073,6,0.75,5,129,0,0,0,.,.,.,0
19717894,31786,49598,1,0.872448981,0.05102041,4.75,0.59375,3,196,0,0.567646424,0,.,0,.,1
53554850,36400,50960,1,0.836538434,0.192307696,6.25,0.78125,3,312,0.612917857,0.753883442,0.490248948,0.5,0,0,8
8731542,27000,30511,1,0.839285731,0.366071433,6.25,0.78125,3,112,0,0,0,.,.,.,0
8064000,27200,27500,1,0.811881185,0.356435657,5,0.625,3,101,0,0,0,.,.,.,0
23777055,32295,45214,1,0.877094984,0.145251393,3,0.375,2,179,0,0,0.213096938,.,.,0.5,2
12100000,38000,59000,,0.92592591,0.064814813,6.25,0.78125,3,108,1.232012616,0.263871737,0.715778624,0,0,0,6
22200000,40227,50315,1,0.987577617,0.037267081,2,0.25,5,161,0,0.021081297,0,.,1,.,1
12888000,35935,52765,1,0.945454538,0.063636363,2.75,0.34375,2,110,0,0.352115156,0.893734918,.,0,0,3
20000000,,,1,0.897435904,0.07692308,5,0.625,3,156,0,0,0.201325527,.,.,0,1
,31886,38768,1,0.906542063,0.186915889,3,0.375,2,107,0,0,0.247196788,.,.,0,1
22745672,33952,40742,1,0.864468873,0.157509163,6,0.75,4,273,0,0,0,.,.,.,0
13840000,35000,50000,1,0.876190484,0.13333334,7,0.875,4,105,0,0,0,.,.,.,0
18390123,33610,51692,1,0.894009233,0.276497692,5.25,0.65625,3,217,0,0,0.371664313,.,.,0,1
12637907,31154,49085,1,0.917808235,0.02739726,6.75,0.84375,4,146,0,0,0,.,.,.,0
49502190,32775,43246,1,0.883950591,0.071604937,4,0.5,5,405,0,0.363664796,0.54884742,.,0,0.5,8
4747561,32216,58121,1,0.918367326,0.06122449,5,0.625,3,49,0,0,0,.,.,.,0
232923990,36218,36218,,0.838375449,0.522171557,7,0.875,3,2413,0.038701008,0.099611912,0.877654906,0,0.25,0.173913043478261,28
25119392,32339,50577,1,0.899543405,0.159817353,5.75,0.71875,2,219,0,0,0,.,.,.,0
123256194,38768,52599,1,0.874779522,0.447971791,4,0.5,3,567,0,0,0,.,.,.,0
16622401,27729,37041,1,0.797169805,0.018867925,4.25,0.53125,2,212,0,0,0.318906025,.,.,0,2
22986870,43494,64934,1,0.937172771,0.109947644,5.25,0.65625,4,191,0,0.145377575,0.841134859,.,0,0.25,5
9000000,48631,63490,1,0.940677941,0.161016956,7,0.875,4,118,0.400641026,0,0,0,.,.,1
36000000,43068,58368,1,0.926253676,0.15339233,5,0.625,3,339,0.839809195,0.712121374,0.256081946,0,0.125,0.5,16
301024790,55563,90208,,0.894799769,0.30842796,7.25,0.90625,4,1673,0.223210632,0.255760303,0.474725609,0,9.09090909090909E-02,0.3125,33
16685000,44400,63579,1,0.90780139,0.297872335,6.5,0.8125,3,141,0.371741684,0.241405948,0.682705699,0,0,1,4
32217000,50160,50160,,0.901185751,0.221343875,4,0.5,4,253,0,0,0.422911662,.,.,0,2
,40800,50988,1,0.84842521,0.667322814,5,0.625,4,508,0,0.010481218,0.070000403,.,0,0.4,6
,32867,32867,1,0.888888896,0.111111112,2,0.25,3,18,0,0,0.828747597,.,.,0,1
37900744,49739,66638,1,0.878980875,0.114649683,1,0.125,3,157,0,0.02280275,0.029952962,.,1,1,2
64053864,46584,56880,1,0.912195146,0.509756088,5.25,0.65625,2,410,0.358155927,0.232751919,0.320312625,0,0.25,0.25,12
142000000,44408,60445,4,0.858823538,0.543529391,6.75,0.84375,4,425,0,0.00699346,0.010188101,.,0,0,2
417761422,42941,69921,,0.828062117,0.464347333,5,0.625,3,3478,0.372418519,0.41696796,0.845981427,0.111111111111111,6.45161290322581E-02,0.238095238095238,91
4200000,42804,50353,,1,0.111111112,6,0.75,4,45,0,0,0,.,.,.,0
24154219,50891,52320,1,0.916666687,0.230769232,5.75,0.71875,5,156,0.535131375,0,0.206401757,0,.,0,3
98952610,41686,67895,,0.930501938,0.845559835,5.75,0.71875,4,259,0,0,0,.,.,.,0
116626014,38184,38184,,0.882849097,0.810684144,5.75,0.71875,4,1067,0,0.351715044,0.408898828,.,0.230769230769231,9.09090909090909E-02,24
248684618,52187,77293,1,0.852094233,0.308246076,3.75,0.46875,3,1528,0.170904529,0.149099513,0.449876091,0,0.166666666666667,7.14285714285714E-02,24
36841675,51353,70546,3,0.944954157,0.211009175,7,0.875,5,218,0.365842059,0,0.2749912,0,.,0,4
6601494,43474,58499,1,0.943396211,0.03773585,6.25,0.78125,2,53,0,0,0,.,.,.,0
13213186,30000,32960,1,0.955223858,0.805970132,7,0.875,3,134,0,0.256473388,0.761278339,.,0,0,3
391000000,40643,59800,1,0.866502464,0.460591137,5,0.625,4,2030,0.069520028,0.085203638,0.088158544,0,0.05,6.66666666666667E-02,45
620488531,44007,66098,2,0.849858344,0.571293652,6,0.75,3,5295,0.447830262,0.483972669,0.636332209,8.33333333333334E-02,9.52380952380952E-02,7.27272727272728E-02,154
49068608,52812,70788,,0.925595224,0.166666672,5.25,0.65625,5,336,0,0,0.443602585,.,.,0,4
55485089,49400,74006,1,0.90702945,0.979591846,1,0.125,2,441,0,0.150657091,0.408611904,.,0,0.25,6
20065891,56356,68485,1,0.914893627,0.177304968,4.25,0.53125,3,141,0,0,0.502750043,.,.,0,2
17016474,47782,54060,1,0.858974338,0.141025648,7,0.875,4,156,0,0,1.8497509,.,.,0.166666666666667,6
28500000,33009,45084,1,0.826315761,0.294736832,2.25,0.28125,4,190,0.099821918,0.063655263,0,0,0,.,2
,29137,29137,1,1,0.666666687,0,0,0,6,0,0,4.323015736,.,.,0,1
29500000,33113,36628,1,0.879245281,0.958490551,3.75,0.46875,1,265,0.214590433,0.128744866,0,1,0,.,2
30038458,53647,68470,2,0.960698664,,3.25,0.40625,5,229,0.193393672,0,0.523761305,0,.,0,4
23300000,45200,66400,,0.89142859,0.274285704,4.25,0.53125,2,175,0.258871527,1.131389929,1.047032709,0,0.285714285714286,0.2,13
16321653,50188,57468,1,0.934579432,0.056074765,5,0.625,2,107,0,0,0.38290703,.,.,1,1
55748821,58918,77373,3,0.885294139,0.167647064,7.25,0.90625,4,340,0,0.128318147,0,.,0,.,2
17971432,43304,43304,1,0.916666687,0.308333337,1,0.125,4,120,0,0.901209423,1.388631735,.,0,0.333333333333333,6
15000000,37992,41952,1,0.86138612,0.138613865,4,0.5,3,101,0,0.138438962,0,.,0,.,1
21945426,51366,70560,1,0.914473712,0.144736841,6.25,0.78125,3,152,0,0,0.242020581,.,.,0,1
25697686,48623,72366,,0.932885885,0.167785242,5.25,0.65625,3,149,0,0,0.703742974,.,.,0,3
15212660,34854,49868,1,0.912280679,0.269005835,5.75,0.71875,3,171,0,0.377565083,1.04289424,.,0,0.25,6
372622521,41484,47760,1,0.903424084,0.576821744,4,0.5,3,2278,0.04116158,0.215154686,0.524241278,0,0.117647058823529,0.137931034482759,48
108304405,38084,57137,1,0.887878776,,4,0.5,2,330,0,0,0.01329679,.,.,1,1
14003620,40907,57461,1,0.94615382,0.230769232,6.25,0.78125,4,130,0,0.302716579,0.361543356,.,0,0,2
1146200000,39097,39097,2,0.940143883,0.395107925,2,0.25,3,3475,0.001130275,0.002815086,0.006723771,0,0,0,12
150577437,52302,77408,1,0.930722892,0.265060246,3,0.375,3,332,0.029164586,0.034368088,0,0,0.5,.,3
22993516,43820,64681,,0.909090936,0.10695187,6.25,0.78125,3,187,0.849223244,0.174344812,0.251704036,0,0,0,5
2400000,39998,56492,1,0.931034505,0.37931034,4.25,0.53125,4,29,0,0,0,.,.,.,0
30529770,45591,62872,,0.887096763,0.19758065,3,0.375,3,248,0.213881783,0.136038874,2.165047474,0,0,0,13
20887776,42454,56016,1,0.90476191,0.148148149,5.25,0.65625,4,189,0,0.506498374,0.478230928,.,0.333333333333333,0,5
55383094,34278,53435,1,0.911214948,0.121495329,7,0.875,4,428,0.416912182,0.186794733,0.528222952,0.333333333333333,0.5,0,9
66363483,37644,56549,1,0.901442289,0.115384616,5.75,0.71875,4,416,0.081147139,0,0,0,.,.,3
13045083,35876,56659,1,0.825688064,0.064220183,7,0.875,3,109,0,0,0,.,.,.,0
20785418,38367,57017,1,0.918478251,0.125,5,0.625,4,184,0,0,0.377546551,.,.,0,2
53400000,43617,75531,1,0.842443705,0.315112531,5.5,0.6875,4,311,0,0.120937703,0.170888758,.,0,0,2
7400000,33822,37204,1,0.90322578,0.048387095,6.25,0.78125,2,62,0,0,0,.,.,.,0
5000000,37686,42240,1,0.865384638,0.03846154,7.75,0.96875,3,52,0,0,0,.,.,.,0
,,,1,0.924369752,0.084033616,6,0.75,3,119,0,0,0,.,.,.,0
,41701,41701,1,0.826923072,0.203296706,5.75,0.71875,4,364,0,0,0.109448946,.,.,1,1
8600000,32479,50852,1,0.813953459,0.147286817,7,0.875,3,129,0,0,0,.,.,.,0
171297668,49000,63000,1,0.867647052,0.161764711,6.25,0.78125,3,1360,0,0.085348234,0.04740752,.,0.2,0,7
21983379,40478,66710,1,0.836298943,0.341637015,6.25,0.78125,3,281,0,0,0.182700459,.,.,0,1
21445161,40492,68849,1,0.933014333,0.062200956,8,1,3,209,0,0,0,.,.,.,0
9560818,30674,30674,1,0.912280679,0.087719299,5.5,0.6875,2,114,0,0,0,.,.,.,0
73020921,45391,75885,1,0.866412222,0.148854956,5.25,0.65625,3,524,0,0,0.074206436,.,.,1,1
15041691,36754,36754,1,0.909638584,0.102409638,7.25,0.90625,4,166,0,0,0,.,.,.,0
1375979,30233,40184,1,0.875,0.125,6.5,0.8125,2,16,0,0,0,.,.,.,0
40445435,39325,69949,1,0.856435657,0.237623766,5.25,0.65625,4,404,0,0.187740543,0.138330954,.,0,0,3
65619393,40178,59635,1,0.900265932,0.256648928,6,0.75,3,752,0,0.438783167,0.508580775,.,0.166666666666667,0.4,11
36791598,38260,56820,1,0.790476203,0.257142872,8,1,4,210,0,0.164553796,0.518295843,.,0,0,3
80330712,45885,77126,1,0.859894931,0.204903677,6.25,0.78125,4,571,0,0,0.059277244,.,.,0,1
10800000,,,1,0.85135138,0.054054055,7,0.875,5,148,0,0,0,.,.,.,0
21800000,41746,45926,1,0.883435607,0.122699387,6.25,0.78125,5,163,0,0,0,.,.,.,0
21578952,36722,56736,1,0.788888872,0.26111111,6.25,0.78125,2,180,0,0,0.29349268,.,.,0,1
92000136,40239,58347,1,0.867532492,0.157142863,7.25,0.90625,3,770,0,0,0.167777353,.,.,0.333333333333333,3
37676000,58824,81504,2,0.865168512,0.151685387,5.5,0.6875,3,178,0,0.280149712,0.197723804,.,0,0,3
22370464,58308,58308,2,0.853210986,0.100917429,5,0.625,5,109,0,0.218464631,0,.,0,.,1
48600000,48122,68705,1,0.924812019,0.060150377,7.75,0.96875,4,133,0,0,0,.,.,.,0
30442687,66540,73704,1,0.886597931,0.113402061,2,0.25,3,194,0.517368045,0.16861416,0,0,0,.,3
26065884,55344,74256,1,0.909090936,0.190082639,6,0.75,4,121,0,0.595053912,0.543874343,.,0.333333333333333,0,5
31729475,56160,73128,1,0.885496199,0.129770994,7.5,0.9375,5,131,0.612993,0.397161093,0.203253685,0,0,0,5
144000000,60275,84397,1,0.858024716,0.216049388,7,0.875,4,648,0.014193167,0.045027667,0.024907345,0,0.4,0,8
28000000,54038,68952,1,0.895652175,0.547826111,4,0.5,4,115,0.103855533,0,0,1,.,.,1
114022390,50960,84656,1,0.845117867,0.198653191,2,0.25,5,297,0.03374015,0.129348536,0.12320111,0,0.333333333333333,0,11
263085780,59136,84403,1,0.861478627,0.246692613,6.75,0.84375,4,1285,0.307502535,0.199389981,0.590983949,0.285714285714286,0.142857142857143,0.266666666666667,29
48700000,50553,66194,1,0.923357666,,3.5,0.4375,5,274,0,0.123565528,0.136418948,.,0.2,0.25,9
70115000,48405,65316,1,0.977272749,,7.25,0.90625,3,220,0,0.109648161,0.157650793,.,0.333333333333333,0.333333333333333,6
71379260,55910,77272,1,0.852272749,0.147727266,4.25,0.53125,2,352,0,0.59249027,0.247512499,.,0.142857142857143,0,9
16895417,58788,76224,1,0.951219499,0.060975611,3,0.375,3,82,0,0.069979202,0.096774693,.,0,0,2
32065340,58512,74676,1,0.855555534,0.166666672,6.75,0.84375,5,180,0.164848932,0.206921097,0.151067443,0,0.5,0,4
258500701,46704,62484,1,0.917910457,0.122201495,6,0.75,3,1072,0.008154685,0.005177687,0.007248965,0,0.5,0.5,6
,41766,65728,4,0.921052635,0.019736841,1,0.125,4,152,0,0,0,.,.,.,0
68141407,44031,59690,2,0.69933182,0.037861917,7,0.875,3,449,0,0.03504338,0.049650165,.,1,1,2
9488002,42552,59931,2,0.867647052,0.029411765,6,0.75,4,68,0,0,0,.,.,.,0
12983474,38400,38400,,0.920000017,0.029999999,8,1,4,100,0,0,0,.,.,.,0
26920812,51084,63432,1,0.904040396,0.101010099,5,0.625,2,198,0.538381195,0,0.249625562,0.5,.,0,3
8132875,56928,69132,2,0.894736826,0.03508772,3.25,0.40625,4,57,0,0,0,.,.,.,0
237538363,37340,37340,1,0.740191817,0.370967746,8,1,3,2294,0.212968595,0.116359304,0.375678726,0,0.5,0.333333333333333,18
23875798,41363,41363,1,0.885245919,0.065573767,4.75,0.59375,3,122,0,0,0.128338732,.,.,1,1
9205867,44096,59919,1,0.920792103,0.01980198,3.5,0.4375,4,101,0,0,0,.,.,.,0
13146456,45017,54622,2,0.907407403,0,3.5,0.4375,4,54,0,0,0,.,.,.,0
38184541,43700,62836,,0.84523809,0.047619049,4.25,0.53125,4,168,0.066830803,0,0,1,.,.,1
18096286,45644,68572,3,0.849206328,0.039682541,6,0.75,2,126,0,0,0,.,.,.,0
96910700,19951,28955,4,0.896017671,0.092920355,2,0.25,4,452,0,0,0,.,.,.,0
14658352,33953,41272,1,0.956790149,0.09259259,3.25,0.40625,4,162,0,0.329967663,0,.,0,.,1
68501441,41258,51449,1,0.967016518,0.029985007,0,0,1,667,0.027618908,0,0.147978187,0,.,0.454545454545455,13
72246862,42672,60240,1,0.954999983,0.005,1,0.125,2,200,0.149628323,0.062909699,0.043646242,0,0,0,6
