cp_8_tot12,CP_Ch,bdgt12,bdgt_Ch,minsal12,min_edu12,perc_male12,perc_non_white12,auth_LTLUOF_tot12,LTLUOF_Ch,all_swrn12,T3_ARD_rate,ARD_Rate_Ch,ARD_%MI_Ch,ARD_tot
1,-0.71875,55485089,0.119205446,49400,1,0.90702945,0.979591846,2,-1,441,0.408611904,0.408611904,0.25,6
3.75,0.1875,29500000,0.529421005,33113,1,0.879245281,0.958490551,1,-1,265,0,-0.214590433,-1,2
6,0.21875,26276016,0.428395236,35629,1,0.721739113,0.943478286,1,-1,230,0.388996079,0.388996079,0,1
6,-0.125,156963000,0.664498632,44942,1,0.802898526,0.894685984,4,1,1035,0.362413383,0.229722275,0.166666667,9
5,0.09375,41726645,0.130642462,31037,1,0.765327692,0.856236815,2,0,473,0.570005187,-0.682785753,-0.111111111,26
5.75,-0.0625,98952610,0.657472973,41686,,0.930501938,0.845559835,4,1,259,0,0,0,0
5.75,-0.15625,116626014,0.240596483,38184,,0.882849097,0.810684144,4,0,1067,0.408898828,0.408898828,0.090909091,24
7,0.5,13213186,0.438011039,30000,1,0.955223858,0.805970132,3,1,134,0.761278339,0.761278339,0,3
4,0.34375,9000000,0.5,34000,1,0.988372087,0.802325606,3,0,86,0,0,0,0
4.25,0.40625,6000000,-0.64,42402,1,0.891025662,0.769230783,1,-1,156,0,0,0,0
4,0.09375,13537762,0.516836078,44133,1,0.949999988,0.75999999,1,0,100,0,0,0,0
4.25,-0.09375,16771801,0.514759416,33172,1,0.824999988,0.754999995,3,0,200,0,0,0,1
4,-0.5,24169330,1.030620455,46072,1,0.814159274,0.752212405,4,0,113,0,0,0,0
2.75,0.09375,132502505,0.071612313,34466,1,0.795795798,0.74874872,1,-2,999,0.270049365,0.180092508,0,7
7,0.25,91992541,0.586078293,53092,1,0.880319178,0.739361703,5,2,376,0.551949486,0.272031893,0,7
0,0,16400000,0.166263689,26413,1,0.627272725,0.690909088,2,0,110,0,0,0,0
4,0.375,13884829,0.658478765,38459,1,0.866666675,0.685714304,4,1,105,0.754625857,-0.033197545,0,3
5,0.25,267911971,-0.269163944,29347,1,0.747426748,0.669437826,1,-2,2526,0.498948644,0.498948644,0.071428571,15
5,0.46875,141000000,0.704,40800,1,0.84842521,0.667322814,4,2,508,0.070000403,0.070000403,0.4,6
0,-0.25,1019491,0.126274235,29137,1,1,0.666666687,0,-2,6,4.323015736,4.323015736,0,1
7.75,0.84375,6760760,0.167423565,28392,1,0.85135138,0.662162185,2,0,74,1.066098081,1.066098081,0,2
2,-0.28125,14281290,0.612047863,34500,1,0.777777791,0.658119678,2,-1,117,0.70256295,0.70256295,0,2
6.25,0.0625,20800000,0.614592814,42765,1,0.914772749,0.653409064,5,1,176,0.742228864,0.092793872,0,7
6.75,-0.03125,1256645232,0.353440038,47782,1,0.808568537,0.646774173,5,1,9920,0.596194877,0.308233068,0.027667984,236
5.5,0.0625,17000000,0.301649151,39304,1,0.895652175,0.643478274,4,0,230,0,0,0,1
7,0.5,168651480,0.275489033,39327,1,0.823711336,0.628350496,5,3,1940,0.676018252,0.498721252,0.083333333,25
7.25,0.03125,18246180,0.412492953,46576,2,0.854166687,0.625,4,1,96,0,0,0,1
3,-0.03125,47061600,14.07634664,56856,1,0.879310369,0.614942551,5,0,174,0.449713083,0.015715444,-0.5,13
6,-0.125,128528462,0.171337761,36570,,0.80174464,0.614591599,1,-1,1261,0.812457684,-0.46677273,-0.083333333,51
3.25,-0.3125,83233076,0.153487525,35796,1,0.844155848,0.611570239,3,0,847,0.707420368,0.284801824,-0.083333333,25
6,0.625,1986512,0.922669751,26000,1,0.888888896,0.611111104,3,2,36,0,0,0,0
4.75,0.09375,127269800,1.212041366,37128,4,0.946107805,0.610778451,4,2,501,0.095248754,0.081912675,0.125,12
5.75,0,64000000,0.586310104,66297,1,0.845132768,0.610619485,5,1,226,0.180444181,-0.173879273,-0.5,7
4.25,0.125,21758778,0.129497577,44000,1,0.852941155,0.588235319,1,-1,102,0.248719097,0.248719097,0,3
7,-0.03125,12592717,0.081982765,51343,1,0.912280679,0.587719321,3,1,114,0.483147805,-0.03288002,0,2
7,0.25,200000000,0.271342948,58370,1,0.891233742,0.586038947,5,0,616,0.499076708,-0.566502817,-0.110294118,57
1.25,-0.59375,455602619,0.266105842,49500,4,0.723136485,0.58180058,3,0,2066,0.009557761,0.009557761,0,2
4,-0.125,372622521,0.704345798,41484,1,0.903424084,0.576821744,3,0,2278,0.524241278,0.483079698,0.137931034,48
4.75,-0.1875,19000000,-0.351513106,37864,2,0.664122164,0.572519064,4,2,131,0.380361191,0.380361191,0,3
6,0,620488531,0.376316794,44007,2,0.849858344,0.571293652,3,-1,5295,0.636332209,0.188501947,-0.010606061,154
1.5,-0.46875,21315131,1.207329573,48574,1,0.872548997,0.568627477,4,1,102,0.791264441,0.059885352,0,4
5,0.09375,40191125,0.217912879,33128,1,0.882191777,0.564383566,5,3,365,0.172153782,0.172153782,0,1
4,-0.5,21000000,0.184770954,62640,1,0.940170944,0.56410259,5,0,117,0.434363354,0.229007678,-0.5,5
4.25,-0.4375,2806127000,0.68647575,54784,1,0.825922728,0.559680581,4,-1,9266,0.155578925,0.115058258,0.050403226,123
4,0.25,28000000,0.352880263,54038,1,0.895652175,0.547826111,4,-1,115,0,-0.103855533,-1,1
6.75,0.4375,142000000,0.595505618,44408,4,0.858823538,0.543529391,4,2,425,0.010188101,0.010188101,0,2
4,-0.03125,7904380,-0.156029933,29370,1,0.809210539,0.539473712,4,2,152,0,0,0,0
6.75,-0.0625,101365485,0.093952459,71904,1,0.907692313,0.538461566,3,-2,325,0.60437568,-0.125530016,0.025,26
7,0.46875,232923990,0.362128596,36218,,0.838375449,0.522171557,3,1,2413,0.877654906,0.838953898,0.173913043,28
8,0.09375,36777300,0.77617911,49276,1,0.791666687,0.520833313,4,0,192,0.388412867,0.129736875,0,5
7,0.625,36996406,0.289197942,42051,2,0.908571422,0.514285743,4,1,175,0.505960211,0.505960211,0,2
8,0.09375,15582013,-0.515004908,91128,1,0.870270252,0.513513505,4,-1,185,0.234706523,-0.253923066,0,4
3.25,-0.34375,164422408,0.550580083,39572,,0.830832183,0.512960434,4,-1,733,0.131871146,-0.015131471,0,11
5.25,0.03125,64053864,0.409512542,46584,1,0.912195146,0.509756088,2,0,410,0.320312625,-0.037843302,0.25,12
8,0.53125,73484000,0.612310572,74832,1,0.897560954,0.497560978,5,0,205,0.27229556,0.27229556,0,4
3,0.25,410000000,0.35108398,43136,1,0.844354033,0.492709398,3,-1,2949,0.563296864,0.483763882,-0.357142857,22
3.25,-0.03125,30129178,0.524736527,75000,1,0.862745106,0.490196079,4,-1,102,0,-0.453062704,0,5
7,-0.125,29593231,0.300792157,50176,2,0.78612715,0.485549122,4,0,173,0.491120541,0.491120541,0,2
4.5,0.3125,30000000,0.363636364,54600,1,0.917525768,0.484536082,4,1,97,0.63592196,0.63592196,0,3
5,0.3125,39803211,0.306741527,64608,1,0.927152336,0.483443707,5,0,151,0.165769302,0.003586451,0,4
5.25,0.03125,1250254874,0.232065885,43104,2,0.765985727,0.478574991,4,1,12042,0.552515493,0.33467874,-0.03,135
7,0.375,492000000,0.622242881,88842,,0.84430027,0.476830393,3,0,2158,0.484341834,-0.081056832,0.011029412,50
7,0.71875,33553781,1.008221288,37354,1,0.856749296,0.476584017,4,1,363,0.344962399,0.344962399,0,3
6.25,0.40625,79410154,0.50783797,49008,1,0.853754938,0.474308312,4,1,506,0.165937647,-0.281872052,-0.142857143,11
5,0.25,199933700,0.381997653,95000,1,0.904040396,0.464646459,4,-1,792,0.801467005,0.117918442,-0.164102564,39
5,0,417761422,0.455198235,42941,,0.828062117,0.464347333,3,0,3478,0.845981427,0.473562908,0.126984127,91
5,-0.03125,391000000,0.739665934,40643,1,0.866502464,0.460591137,4,2,2030,0.088158544,0.018638516,0.066666667,45
2,-0.625,45263490,0.166995739,70476,1,0.948979616,0.454081625,5,1,196,0.385192185,-0.000912176,-0.666666667,11
8,0.71875,155098000,0.668943604,41683,,0.870236874,0.453141093,3,-1,971,0.85521329,0.48433743,0.015037594,50
0,-0.625,145552400,0.323203636,51660,1,0.884615362,0.451923072,0,-4,728,0.790698226,-0.593714395,-0.075,51
4,-0.125,294752941,0.338050431,72571,,0.90157479,0.451771647,4,-1,1016,0.254384314,-0.079561625,-0.15,31
1,-0.1875,29673539,0.609747985,30000,1,0.808290184,0.450777203,3,0,193,0,0,0,1
5,-0.34375,22414705,0.601050357,62950,1,0.934065938,0.450549453,5,0,91,0.739214855,0.739214855,0,3
6.75,0.1875,21633181,0.746524379,61736,,0.927152336,0.450331122,2,0,151,0,0,0,0
3.75,0.0625,30420000,-0.0835141,33720,1,0.602620065,0.449781656,4,-1,458,0,-0.099863387,0,3
4,0.25,123256194,-0.110988949,38768,1,0.874779522,0.447971791,3,0,567,0,0,0,0
3.5,0.3125,23689782,4.640424286,30139,1,0.845493555,0.446351945,3,1,233,0,0,0,0
5.25,0.25,30882664,0.177096008,58945,1,0.901639342,0.44262296,4,-1,122,0,0,0,1
4,-0.375,58279325,0.424964041,92832,,0.804733753,0.437869817,3,0,169,0.4332643,-0.056696405,1,5
5.25,0.28125,24097786,0.785021185,57525,1,0.885416687,0.4375,4,-1,96,0.491448791,-0.273147349,0,9
4,-0.15625,131973300,0.427871414,44645,1,0.903908789,0.436482072,5,2,614,0.075204481,-0.01201476,0,8
8,0.34375,45140014,0.197987488,35403,1,0.869318187,0.435606062,4,2,528,0,-0.374769517,-0.333333333,14
7,0.25,600102216,0.224851236,46783,2,0.772217929,0.432847261,3,-1,6515,0.533081073,0.499282194,0,45
4,-0.125,43050154,0.201847852,47164,1,0.904428899,0.424242437,2,0,429,0.341471743,-0.016530319,0,7
6.75,0.46875,18034000,-0.45243986,37000,1,0.848137558,0.41833812,2,0,349,0.031736199,0.031736199,0,4
6.25,-0.09375,12000000,0.535338699,30000,1,0.900826454,0.404958665,2,0,121,0,0,0,1
7,0.09375,68000000,1.052688902,75396,1,0.893617034,0.404255331,4,0,235,0.128549245,0.128549245,1,2
4,-0.15625,32051061,0.076328617,37571,1,0.897435904,0.401709408,1,-1,234,0.591877079,0.591877079,0,3
7.25,0.03125,43963270,0.270629907,67250,1,0.888888896,0.400966197,5,0,207,0.198080991,-0.053099557,0.5,6
6,0.125,55468090,0.485686802,91520,1,0.8820225,0.398876399,4,0,178,1.00406983,0.473419465,0.166666667,11
3.75,-0.28125,26000000,0.604670826,56553,,0.822085917,0.398773015,4,2,163,0.331433117,0.331433117,0,1
5,-0.28125,635192554,0.614235123,52244,1,0.838401377,0.395308435,5,1,2302,0.047213417,-0.029555178,0.166666667,22
2,0.25,1146200000,1.818710186,39097,2,0.940143883,0.395107925,3,1,3475,0.006723771,0.005593496,0,12
2,-0.59375,23091950,0.248213514,30264,1,0.92281878,0.392617464,4,0,298,0.27402065,0.27402065,0,1
6,0.375,17972228,0.27855871,37169,1,0.8125,0.390625,4,0,128,0,0,0,1
3,-0.28125,55567000,0.21650437,61428,1,0.911196887,0.389961392,4,1,259,0.937668487,-0.342039944,0.125,30
2.5,0.0625,11000000,-0.3125,36186,1,0.903999984,0.384000003,4,1,125,0,-0.112622759,0,3
7,0.25,46300000,0.882875697,34188,1,0.867768586,0.380165279,4,0,242,0,0,0,0
4.25,0.09375,2400000,0.440985346,39998,1,0.931034505,0.37931034,4,2,29,0,0,0,0
6.5,0.0625,54000000,1.134387352,31000,1,0.544444442,0.377777785,3,1,450,0,-0.257414834,-0.5,3
4,-0.03125,33524846,0.081446645,60457,1,0.917177916,0.374233127,1,-1,326,0.395388192,0.395388192,0,3
5,-0.21875,55134500,0.510534247,33000,1,0.808318257,0.372513562,3,-1,553,1.857658756,1.353535023,0.066666667,26
8,0.625,237538363,0.407128969,37340,1,0.740191817,0.370967746,3,1,2294,0.375678726,0.162710131,0.333333333,18
5,-0.25,63000000,0.372015099,42417,1,0.844594598,0.368243247,3,-2,296,0.516400892,0.167745308,-0.166666667,7
4,-0.125,25648000,0.515275582,76960,1,0.899082541,0.366972476,5,1,109,0.241103289,0.241103289,0,1
6.25,0.0625,8731542,0.455257,27000,1,0.839285731,0.366071433,3,0,112,0,0,0,0
4,-0.03125,9000000,-0.357142857,39906,1,0.960317433,0.365079373,2,0,126,0,-0.633199939,0,1
7,0.375,129602286,0.610185471,43237,1,0.835635364,0.364640892,5,2,724,1.101930582,0.851097818,-0.5,23
2,-0.25,37090369,-0.012218777,45604,1,0.918793499,0.364269137,3,1,431,0.32562259,0.32562259,0,5
2,0.125,20972895,0.695712413,45606,1,0.838461518,0.36153847,4,0,130,0.049765654,0.022558648,-1,4
7.25,0.25,307208469,0.464474941,65894,1,0.885082901,0.361325979,5,1,905,0.112560461,0.027004381,0.428571429,16
6.75,0.0625,41399330,0.592281923,56695,1,0.891156435,0.360544205,5,0,147,0.157837251,-0.719638987,-0.2,8
6,0.09375,65843095,0.470184633,58800,1,0.964444458,0.360000014,4,-1,225,0.747558474,-0.148488168,0.033333333,14
2,-0.21875,172000000,-0.072946204,47282,1,0.912756085,0.358228683,3,-1,1513,0.575553555,-0.237324163,0,38
7.25,0.75,12193521,0.33029904,36000,1,0.862385333,0.357798159,4,0,109,0.586235198,0.586235198,0,3
0,-0.5,237824679,0.349337771,31879,1,0.884204626,0.356942087,3,1,1779,0.005199888,0.003730947,0.25,8
5,0.21875,8064000,0.119743237,27200,1,0.811881185,0.356435657,3,1,101,0,0,0,0
7.25,0,114943826,0.473638795,61173,1,0.912121236,0.354545444,5,0,330,0.874003636,0.197028901,0.166666667,28
6,-0.125,36793817,0.05283568,46104,1,0.89316237,0.352564096,4,1,468,0.800685387,-0.003257147,0,8
4.75,0.125,15000000,0.845431119,46000,1,0.941747546,0.349514574,4,1,103,1.470372004,1.470372004,0,3
3.25,-0.34375,66984670,0.465860192,99490,1,0.927927911,0.346846849,5,0,222,0.170036796,0.170036796,0,5
5,0,45180306,0.369100182,68376,1,0.967320263,0.346405238,5,0,153,0.143357666,-0.155991549,-1,7
5.5,-0.0625,278780806,0.265374116,55941,1,0.578029215,0.345120221,3,0,2121,0.235671562,-0.108197933,-0.25,18
7,0.09375,415271291,0.591077743,56167,1,0.85035497,0.343528122,5,0,1831,0.37359491,0.077562455,-0.266666667,60
6.25,0.40625,21983379,0.39529109,40478,1,0.836298943,0.341637015,3,0,281,0.182700459,0.182700459,0,1
6,-0.03125,128712737,0.511645767,52790,1,0.769776881,0.338742405,4,0,986,0.927330973,0.848556328,0.181818182,17
5,-0.25,30000000,-0.265009804,29361,1,0.894639552,0.338262469,3,-1,541,0.898255844,0.381363812,-0.357142857,23
6,0.46875,30810156,0.389706069,34028,1,0.845744669,0.337765962,2,0,376,0.189845542,0.189845542,0,3
6.25,-0.125,198766720,0.737982013,44338,1,0.926391363,0.333931774,4,1,557,0.408803048,0.128332362,0.214285714,28
6.75,0.0625,25318554,0.202565886,80558,1,0.897435904,0.333333343,3,-1,78,0.330508587,0.330508587,0,1
6.75,0,37300000,0.586390218,64499,1,0.888888896,0.333333343,4,0,135,0.360818047,0.360818047,0,7
4,0.21875,43000000,-0.138578327,31449,1,0.839999974,0.331764698,4,1,425,0.151513085,0.151513085,0.25,4
8,0.125,90340310,0.377718522,59645,1,0.884146333,0.329268306,5,2,328,0.671176976,0.118621591,-0.333333333,20
5.25,0.09375,196962557,0.331377731,51610,1,0.885755599,0.32899493,3,-2,1383,0.591235525,-0.260816036,-0.063157895,44
1,-0.625,88081724,1.73532135,60215,1,0.928792596,0.328173369,4,0,323,0.559306639,-0.305733291,-0.6,13
3,-0.5,51364849,0.434742021,45324,,0.894117653,0.325490206,3,0,255,0.981325378,0.419098058,-1,11
2,-0.15625,12193208,-0.475101225,41847,1,0.917197466,0.324840754,4,1,157,0.050646451,0.050646451,0,1
6.25,0,230627923,0.301853541,54601,1,0.887533903,0.322493225,5,1,738,0.149524929,-0.040077285,-0.3,13
6.75,0.0625,40151049,0.574320658,35348,1,0.836177468,0.32081911,4,-1,293,0.154297653,0.072048094,0,3
6.25,-0.21875,18290372,0.431801712,61144,2,0.867924511,0.320754707,2,-1,106,0,0,0,0
2,-0.375,180381258,0.369670587,38002,,0.844011128,0.318941504,4,1,1436,0.124767724,-0.315708405,-0.009803922,42
4,-0.25,27305822,0.445750131,55358,1,0.901408434,0.316901416,3,-1,142,0.281335104,0.281335104,1,2
6,0.25,16500000,0.414675397,43363,1,0.963235319,0.316176474,2,0,136,0,0,0,1
5,-0.1875,132213485,0.828679059,42099,1,0.883268476,0.315175086,3,0,514,0.201532859,0.08952544,-0.125,22
5.5,0.125,53400000,0.411018629,43617,1,0.842443705,0.315112531,4,1,311,0.170888758,0.170888758,0,2
5,0.09375,24000000,0.405822295,35000,1,0.828685284,0.314741045,4,-1,251,0.682301996,0.407989697,0.333333333,7
1.25,-0.625,50331498,0.240725355,39140,1,0.82397002,0.314606756,0,-5,534,0.89041758,0.89041758,0.142857143,9
2,0.125,19400000,0.738818679,33282,1,0.719047606,0.314285725,1,-3,210,0,-0.89206066,0,1
6,0.625,156367016,0.525103347,45968,1,0.853838086,0.313354373,4,0,951,1.001344663,0.361149886,0.113553114,57
2,-0.65625,1902730000,0.479038667,67764,1,0.923970163,0.310063601,5,2,7234,0.011197384,-0.021211175,0.037084399,89
7.25,0.03125,301024790,1.134119393,55563,,0.894799769,0.30842796,4,0,1673,0.474725609,0.251514977,0.3125,33
1,-0.53125,17971432,0.731383689,43304,1,0.916666687,0.308333337,4,1,120,1.388631735,1.388631735,0.333333333,6
3.75,-0.03125,248684618,0.782135591,52187,1,0.852094233,0.308246076,3,0,1528,0.449876091,0.278971562,0.071428571,24
3,-0.5,142000000,14.53411823,46384,2,0.839622617,0.307127893,3,0,954,0.359562197,-0.112660113,-0.166666667,19
5.75,-0.1875,33000000,-0.343660328,92272,2,0.924623132,0.306532651,3,0,199,0,0,0,1
5,-0.25,51564000,0.523664402,44574,1,0.894736826,0.305921048,5,3,304,1.052011446,0.358058551,-0.5,9
5,-0.21875,84402820,0.719995337,31390,1,0.898176312,0.305471122,3,1,658,0.652009493,0.096676071,0.166666667,20
7,0.125,91268017,0.53480533,62904,1,0.893442631,0.303278685,5,0,366,0.876709184,0.166264944,-0.068181818,29
6.5,0.53125,16685000,0.544907407,44400,1,0.90780139,0.297872335,3,0,141,0.682705699,0.310964015,1,4
5.25,-0.3125,91459637,0.25287174,52166,1,0.842424214,0.296969712,4,0,495,0.292830914,-0.167526201,0,17
2.25,0.15625,28500000,1.035714286,33009,1,0.826315761,0.294736832,4,1,190,0,-0.099821918,0,2
4,0.4375,53037000,1.825324651,76764,2,0.913793087,0.293103456,5,0,116,0,0,0,0
3.5,0.4375,14000000,-0.00744628,44449,1,0.853503168,0.292993635,0,-2,157,0,0,0,0
7,0.09375,26787316,0.515760023,41307,2,0.864864886,0.291891903,4,0,185,1.391827191,0.427023239,0,13
6.75,0.125,54143976,3.511998,45052,1,0.929906547,0.289719611,5,0,214,0.387231681,0.387231681,0.166666667,7
7,0.125,48738860,0.704647192,62772,1,0.907894731,0.289473683,4,1,152,0,-0.725626215,0,4
7,0.09375,46000000,4.208027881,34104,2,0.874074101,0.288888901,4,1,270,0.040728818,0.040728818,0,1
8,0.375,31237460,1.101375389,39541,1,0.793103456,0.287356317,4,1,174,0,-0.979854198,-0.5,6
3.75,-0.53125,23393910,0.491805369,81064,1,0.928571403,0.285714298,5,0,84,0,-0.633440596,0,2
6,0.25,16000000,0.404244152,43860,1,0.880341887,0.282051295,3,1,117,0.647332988,0.647332988,0,2
7,0.03125,40000000,0.59694345,33813,1,0.845360816,0.280927837,2,-2,388,0.989594415,0.989594415,0.125,17
4,-0.25,47329306,0.136903819,77609,1,0.883040965,0.280701756,5,1,171,0.675718289,0.186780506,-0.333333333,11
6.75,0.0625,25100000,1.091666667,85720,1,0.918032765,0.27868852,5,0,61,0,-1.319644224,0,3
3,0.09375,44361846,0.928775913,101604,2,0.905109465,0.277372271,4,1,137,0.628609265,0.138869317,0.333333333,5
3.25,-0.25,51270714,0.819080602,48755,1,0.85281384,0.277056277,3,-1,231,0.155951742,-0.011915736,0,8
5.25,-0.34375,18390123,0.656767838,33610,1,0.894009233,0.276497692,3,2,217,0.371664313,0.371664313,0,1
4,0.21875,27403968,1.187515135,57732,,0.965517223,0.275862068,5,1,58,0.616933593,0.616933593,0.5,2
4.25,-0.1875,23300000,0.671193833,45200,,0.89142859,0.274285704,2,-2,175,1.047032709,0.788161182,0.2,13
5.25,0.3125,15000000,0.5,35118,1,0.886666656,0.273333341,3,0,150,0,0,0,1
6,0.0625,56988995,0.675186636,64043,2,0.808080792,0.272727281,5,0,198,0,-0.146575126,-1,1
4.25,-0.34375,41608572,1.049436105,57963,1,0.890804589,0.270114928,4,1,174,0.28139527,-0.279545315,1,4
5.75,0.46875,15212660,0.107195805,34854,1,0.912280679,0.269005835,3,-1,171,1.04289424,1.04289424,0.25,6
7,0.09375,78349907,0.162072493,47451,1,0.831103683,0.265886277,4,1,598,0.176048899,0.176048899,0,7
3,0,150577437,0.72976114,52302,1,0.930722892,0.265060246,3,0,332,0,-0.029164586,0,3
4.25,0.25,18951761,0.353697214,59035,1,0.925714314,0.262857139,3,0,175,0,0,0,0
6.25,-0.125,21578952,2.446442509,36722,1,0.788888872,0.26111111,2,-1,180,0.29349268,0.29349268,0,1
6.25,0,40000000,0.904761905,58801,1,0.909604549,0.25988701,5,0,177,0.619388342,-0.69724135,0.2,15
4.25,0.09375,29297744,0.797407607,119891,1,0.810344815,0.258620679,3,-1,116,0.6964823,0.45320171,0,5
8,0.03125,36791598,0.752287758,38260,1,0.790476203,0.257142872,4,1,210,0.518295843,0.518295843,0,3
6,-0.09375,65619393,0.382523265,40178,1,0.900265932,0.256648928,3,1,752,0.508580775,0.508580775,0.4,11
5.25,-0.125,51359864,0.647006881,60840,1,0.906403959,0.256157637,4,-1,203,0.145948754,-0.602186891,-0.2,9
7,0.46875,36000000,0.565217391,51687,2,0.865853667,0.256097555,3,0,164,0,0,0,3
4,-0.03125,39085419,0.378493315,71028,1,0.877049208,0.254098356,5,1,122,0.22337783,-0.004801391,-1,3
5,-0.1875,48688327,0.284893506,61712,,0.94470048,0.253456235,5,2,217,0.736930537,-0.350698528,0,19
3,-0.25,20243373,0.156406677,30000,1,0.886666656,0.25333333,4,0,150,0,0,0,0
4.25,-0.25,18000000,0.132075472,36555,1,0.905882359,0.252941191,3,1,170,0.797075265,0.797075265,0,4
3.25,0.125,19872311,0.857535828,41282,1,0.939393938,0.25252524,2,0,99,0,0,0,0
0,-0.40625,12540940,0.492204648,31779,1,0.837037027,0.251851857,4,0,135,0,0,0,0
1.25,-0.34375,69631317,0.451649358,53433,1,0.942073166,0.25,4,0,328,0.836593725,0.098681647,0.166666667,26
4,-0.03125,22245881,0.17221029,42559,1,0.940740764,0.248148143,3,1,270,0.263354718,0.263354718,1,3
6.25,-0.09375,28500000,0.364859447,67468,1,0.944000006,0.247999996,3,-1,125,0.232053019,-0.008156059,0,4
5,-0.03125,124556913,0.304944469,59400,,0.817460299,0.247619048,4,0,630,0.368021265,-0.024941336,-0.285714286,20
3,-0.25,50109247,0.537734315,40417,1,0.880319178,0.247340426,5,1,376,0.339517071,0.339517071,0,3
6.75,0.21875,263085780,0.558192512,59136,1,0.861478627,0.246692613,4,0,1285,0.590983949,0.283481414,-0.019047619,29
6,-0.125,57949500,1.266142711,41939,2,0.812286675,0.245733783,5,2,293,0.39667743,0.39667743,0.5,3
4.75,-0.15625,41455037,0.470036773,70416,,0.870748281,0.244897962,5,0,147,0.601390415,0.201316801,0.333333333,6
6,-0.03125,36301786,0.520526453,42239,,0.845070422,0.244131461,3,-1,213,1.2500125,0.965468908,-1,8
3,-0.1875,22000000,0.76,40872,1,0.861878455,0.243093923,3,0,181,0.573118452,-0.171039905,0,6
2,-0.28125,9900000,0.196043777,51807,1,0.898989916,0.24242425,4,0,99,0,-0.498186601,0,1
8,0.25,65355241,0.331055703,35556,1,0.847826064,0.242028981,4,2,690,0.270679948,-0.056673725,-0.333333333,11
4.25,-0.34375,366768040,0.703932394,38148,3,0.864150941,0.239622638,4,2,1590,0.478178903,-0.006454345,-0.133333333,79
5,-0.25,82747000,0.120564975,45507,3,0.860256433,0.238461539,4,1,780,0.634538703,0.570073647,0.4,15
3,-0.375,15000000,0.414115665,63016,2,0.857142866,0.238095239,3,0,105,0,0,0,0
5.25,-0.21875,40445435,1.050293314,39325,1,0.856435657,0.237623766,4,1,404,0.138330954,0.138330954,0,3
5,-0.25,53333254,0.689381993,37745,1,0.90206188,0.237113401,4,0,388,0,-0.364307573,0,3
0,-0.53125,9931121,-0.163976682,42999,1,0.956140339,0.236842111,4,2,114,0,0,0,0
5,0.125,24648013,0.716719613,48241,1,0.850931704,0.236024842,4,1,161,0.713256587,0.713256587,0,2
7.75,0.375,11730212,0.326117785,48352,1,0.941176474,0.235294119,4,2,119,0,0,0,0
6,-0.21875,565000000,0.915587881,46238,1,0.867886186,0.234417349,5,0,2952,0.856423174,0.208202468,-0.08496732,126
6,-0.25,95532202,1.049198067,49483,2,0.834821403,0.232142851,4,0,448,0.166983936,0.166983936,0.5,3
6.25,0.03125,14003620,0.707740418,40907,1,0.94615382,0.230769232,4,1,130,0.361543356,0.361543356,0,2
5.75,-0.1875,24154219,0.577884252,50891,1,0.916666687,0.230769232,5,2,156,0.206401757,-0.328729618,0,3
6.5,-0.15625,44398488,-0.360484873,42286,1,0.827225149,0.230366498,5,2,191,0.668368779,0.668368779,0,2
6,0,24500000,0.213270645,61608,1,0.931034505,0.229885057,5,0,87,0,-1.396757288,-0.2,6
7.25,-0.0625,211316611,0.502304463,40674,1,0.86523217,0.228765577,4,1,1766,0.290246929,0.177971984,0.111111111,23
4.25,-0.34375,196432911,0.336782655,39984,1,0.861335278,0.228173152,4,1,1363,0.699963387,0.530574451,0.307692308,42
6.25,0.125,489000000,0.531549669,56035,1,0.909223497,0.227852717,4,-1,2743,0.455970477,-0.099042047,-0.183068783,119
0,-0.125,300000000,1.164685991,35609,1,0.958592117,0.227743268,3,0,966,0.021782758,-0.011577754,0.083333333,17
6,0.125,45000000,0.511670093,39781,1,0.910071969,0.226618707,0,-3,278,0,-0.246094481,-1,1
4.25,0.15625,18000000,1.677495251,32073,1,0.776595771,0.223404258,2,-2,188,0.291307388,0.291307388,1,1
0,-1,33221490,0.08922918,54570,,0.89864862,0.222972974,5,0,148,0.169405387,-0.749084175,0.6,13
8,0.25,17847227,1.104977814,31000,1,0.89808917,0.22292994,5,2,157,0,-0.547657123,0,1
3,-0.375,4730000,0.212820513,49795,1,0.916666687,0.222222224,4,1,36,0,0,0,0
4,-0.125,32217000,0.695631579,50160,,0.901185751,0.221343875,4,1,253,0.422911662,0.422911662,0,2
6,0.625,4736347,-0.793629555,33043,1,0.923076928,0.218934909,2,0,169,0,0,0,0
1,-0.21875,31451893,-0.255463028,41759,2,0.870967746,0.218637988,2,-2,279,0,0,0,0
8,0.5,42655754,0.44939701,34766,1,0.821686745,0.216867477,4,2,415,0.398143061,0.398143061,0,2
5,0.125,250599471,0.664136961,46972,,0.818911672,0.216770738,4,0,1121,0.152402318,0.152402318,0.166666667,8
6,0.125,20000000,0.553458387,35811,1,0.810810804,0.216216221,3,-1,148,0.240098344,0.240098344,0,2
7,0.375,144000000,0.371428571,60275,1,0.858024716,0.216049388,4,0,648,0.024907345,0.010714178,0,8
6,-0.25,35000000,0.693734643,74147,1,0.885714293,0.214285716,4,0,140,0.278896462,-0.004386446,1,3
7,0.09375,49622958,0.37332736,42765,2,0.803370774,0.21348314,4,1,356,0.668552877,0.506149832,0.2,10
5.75,-0.03125,33513551,0.491893236,40369,1,0.767195761,0.211640209,3,0,189,0.228799444,0.228799444,0,3
7,-0.09375,36841675,0.674621591,51353,3,0.944954157,0.211009175,5,0,218,0.2749912,-0.090850858,0,4
7.25,-0.0625,97184163,0.5674865,36089,1,0.810126603,0.210970461,4,0,474,0.058026451,-0.006677696,1,5
7,0.1875,47718778,0.15437556,59932,1,0.932084322,0.210772827,5,1,427,0.140109397,-0.143393565,0,4
6,0.21875,13950000,0.55,46012,0,0.942028999,0.210144922,1,-1,138,0.410819338,0.410819338,0,3
5.25,0.53125,58038010,0.571305111,48638,1,0.862857163,0.208571434,5,1,350,0.054395363,0.054395363,0,1
5.25,-0.125,2350243,0.807879231,39674,1,0.875,0.208333328,3,0,24,0,0,0,0
3,-0.0625,16779760,0.398313333,35880,1,0.957317054,0.207317069,4,1,164,0,0,0,0
6.25,-0.125,80330712,0.82880514,45885,1,0.859894931,0.204903677,4,0,571,0.059277244,0.059277244,0,1
5.75,-0.03125,58774234,0.749574616,41701,1,0.826923072,0.203296706,4,1,364,0.109448946,0.109448946,1,1
3,-0.5625,136098777,0.388763031,51380,2,0.839285731,0.202380955,5,1,840,0.254530645,-1.152267001,-0.095238095,34
3,0.125,10273149,0.090000155,38000,1,0.858585835,0.202020198,2,-2,99,0.596374046,0.596374046,1,2
5.25,-0.125,155000000,0.445009241,54122,1,0.88874346,0.200261787,5,0,764,0.552994576,-0.083025924,0.2,40
4.25,-0.375,75355455,1.111509708,49992,,0.876923084,0.200000003,4,0,390,0.646153449,0.538782659,0,11
4,-0.25,121748730,0.606406911,41537,1,0.845000029,0.200000003,3,0,800,0.652323458,0.404962184,-0.068181818,18
3.75,0.3125,21532889,0.605809746,30687,1,0.909952581,0.19905214,4,0,211,0.154596781,0.118832271,0,2
2,-0.25,114022390,1.126160814,50960,1,0.845117867,0.198653191,5,0,297,0.12320111,0.08946096,0,11
3,-0.125,28000000,0.248703411,56000,1,0.91366905,0.197841734,4,2,278,0,-0.231203181,-1,3
3,-0.28125,30529770,0.546602687,45591,,0.887096763,0.19758065,3,-1,248,2.165047474,1.95116569,0,13
4,-0.15625,47734700,0.134416875,49400,1,0.900485456,0.196601942,4,1,412,0.377740507,0.377740507,0,3
0,-0.40625,228239400,0.625471195,44725,1,0.953703701,0.19629629,4,1,1080,0.011439026,-0.024398059,-0.125,12
6,-0.25,34395830,0.910879444,61877,3,0.893854737,0.195530728,5,2,179,0,0,0,0
1.25,0.03125,4206128,-0.069701891,47350,2,0.972222209,0.194444448,3,0,36,1.049714478,-0.029034174,0,2
8,0,61642450,0.488766467,32100,1,0.853790641,0.19314079,5,3,554,0.213357002,0.213357002,0,4
0,0,24000000,-0.051383399,32385,1,0.908256888,0.192660555,4,1,109,0,0,0,1
6.25,0.53125,53554850,1.6777425,36400,1,0.836538434,0.192307696,3,0,312,0.490248948,-0.122668908,-0.5,8
7.5,0.4375,70174000,1.035811294,34800,1,0.677152336,0.192052975,4,0,604,0,-0.407854738,0,5
0,-0.78125,24028450,0.216339321,47881,1,0.919642866,0.191964284,3,1,224,0.230368036,-0.00920801,-1,2
6,0.125,26065884,0.587991838,55344,1,0.909090936,0.190082639,4,0,121,0.543874343,0.543874343,0,5
6,-0.1875,9000000,0.198361281,34605,2,0.930000007,0.189999998,4,2,100,1.408847563,1.408847563,0,3
8,0.09375,21700000,0.380171916,33248,1,0.886554599,0.189075634,3,0,238,0,0,0,1
3,-0.59375,21812418,4.185695543,31886,1,0.906542063,0.186915889,2,-1,107,0.247196788,0.247196788,0,1
5.25,0.03125,383830100,0.207012893,57708,3,0.898895025,0.186740339,3,1,1810,0,0,0,0
5,0.25,35700770,0.234078996,44471,2,0.883116901,0.186147183,4,0,231,0.689769341,0.22796943,0.333333333,9
8,0,75454073,0.478660388,42805,1,0.872239769,0.186119869,3,0,634,0.713216815,0.572219627,0.272727273,16
2,-0.40625,19220965,0.480047695,30387,1,0.877005339,0.181818187,5,2,187,0.823601114,0.823601114,0,3
7,0.03125,21571640,0.253884305,36000,1,0.83116883,0.181818187,4,1,154,0.878040214,0.878040214,0,2
4.25,-0.25,55867024,0.286026018,73320,1,0.888501763,0.181184664,3,1,287,0.125042514,0.125042514,0,1
5,-0.15625,12882827,0.154919316,49216,1,0.847619057,0.180952385,4,1,105,0,0,0,0
4.25,0.25,5545677,-0.687205817,35000,0,0.905882359,0.180392161,4,1,255,0.136925529,0.136925529,0.5,2
5,0.25,19300000,0.403767246,34000,1,0.964028776,0.179856122,1,-1,139,0,0,0,0
6,-0.125,64025373,0.641676231,41664,1,0.803874075,0.179176763,3,0,413,0.038761853,0.038761853,0,3
5.75,-0.15625,92822328,0.181690354,46235,,0.875806451,0.179032251,4,1,620,0.173677848,-0.433694846,0,12
4.25,-0.4375,31370703,0.325583471,42330,1,0.912698388,0.178571433,4,-1,252,0.248015873,0.248015873,0,1
5,-0.15625,67053024,0.298004276,28520,1,0.769953072,0.17840375,4,0,426,0.07459903,0.07459903,0,6
8,0.25,43833358,0.594649011,53866,3,0.827586234,0.177339897,3,0,203,0,0,0,0
4.25,-0.125,20065891,0.533110586,56356,1,0.914893627,0.177304968,3,0,141,0.502750043,0.502750043,0,2
6.25,-0.125,65646399,0.197664246,49878,1,0.893462479,0.176755443,5,0,413,0.671098902,-0.017009213,0.166666667,16
3.75,-0.15625,14382569,0.369768476,48772,1,0.927999973,0.175999999,1,-2,125,0,0,0,2
6,-0.25,51000000,0.733134469,49023,1,0.882217109,0.17551963,3,0,433,0.589263617,0.475365806,0,7
6.75,0.21875,88398000,0.540987007,34281,1,0.892857134,0.174603179,3,1,756,0.059076656,-0.256577917,0,5
6,-0.15625,227817000,-0.079794969,57854,3,0.95925492,0.173069462,2,0,2577,0.005653559,-0.000134552,0,8
2,0.0625,24918785,0.18660881,44595,1,0.75,0.172413796,4,0,116,0.215292669,0.215292669,0,1
5.25,0.40625,577982700,0.390457089,43867,1,0.89185977,0.172311351,4,2,1683,0.025339689,0.017899201,0,15
5.25,-0.21875,75544255,0.996463467,42838,1,0.905405402,0.172297299,2,-1,296,0.166011475,0.166011475,1,1
3.5,0.0625,18240000,0.302857143,32968,1,0.842465758,0.171232879,4,1,146,0.955292319,0.955292319,0,3
5.25,0.25,104635459,0.749717602,35023,1,0.920168042,0.170868352,4,0,714,0.279008515,0.279008515,0.25,13
2,-0.25,320424897,0.200126028,42838,1,0.926380396,0.170415819,3,1,1467,0.034113457,0.034113457,0.125,10
5.25,-0.3125,25697686,1.089242764,48623,,0.932885885,0.167785242,3,-1,149,0.703742974,0.703742974,0,3
7.25,0,55748821,0.521287976,58918,3,0.885294139,0.167647064,4,1,340,0,0,0,2
5.25,0.25,49068608,0.361973239,52812,,0.925595224,0.166666672,5,0,336,0.443602585,0.443602585,0,4
5,-0.375,16550240,0.828216629,33395,1,0.865384638,0.166666672,3,-1,156,0,-0.424138575,0,1
6.75,-0.03125,32065340,0.507202722,58512,1,0.855555534,0.166666672,5,0,180,0.151067443,-0.01378149,0,4
4.25,0.25,59895336,0.426079429,41777,1,0.913439631,0.16628702,1,-1,439,0,0,0,0
2,-0.3125,137697982,0.667045787,35294,1,0.814305365,0.165061891,5,1,727,0.232452545,0.130869887,0,15
2,0.25,65864911,0.319825342,46416,1,0.832993865,0.164969444,1,-2,491,0.027230228,0.027230228,0,10
2.25,0.15625,8663643,1.097360108,27416,1,0.925373137,0.164179102,5,2,67,0,0,0,1
4,-0.1875,15619715,0.477649066,59342,1,0.910447776,0.164179102,4,-1,67,0,0,0,1
7.25,0.65625,45833351,0.326418605,45631,1,0.874045789,0.164122134,2,-2,262,0.662940939,0.333397356,0.5,11
3,-0.15625,15013345,2.75333625,30000,1,0.921985805,0.163120568,4,0,141,0,0,0,0
1,-0.25,27270004,0.74550368,44958,1,0.848837197,0.162790701,4,1,86,0,0,0,0
6.25,0,171297668,5.282123865,49000,1,0.867647052,0.161764711,3,-1,1360,0.04740752,0.04740752,0,7
4,-0.5,11812534,0.238343513,30550,1,0.94615382,0.161538467,4,0,130,1.339381384,0.878458432,-0.666666667,8
6,-0.125,14809048,0.155807858,58000,,0.899999976,0.161538467,2,-1,130,0,0,0,0
7,0.59375,9000000,0.170273036,48631,1,0.940677941,0.161016956,4,1,118,0,-0.400641026,0,1
1.25,-0.40625,36210747,1.655180358,32000,,0.807121634,0.160237387,4,1,337,0.145430853,-0.015658886,0,4
5.75,-0.03125,25119392,1.822842246,32339,1,0.899543405,0.159817353,2,0,219,0,0,0,0
7,0.03125,30000000,0.169287176,49000,1,0.924686193,0.158995822,3,1,239,0.168613592,0.168613592,0,1
6,-0.09375,22745672,0.655820278,33952,1,0.864468873,0.157509163,4,0,273,0,0,0,0
5.75,0.09375,20400811,0.408067575,42467,1,0.938202262,0.157303378,2,0,178,0.547927191,0.547927191,0,4
7.25,0,92000136,0.447813703,40239,1,0.867532492,0.157142863,3,1,770,0.167777353,0.167777353,0.333333333,3
4.75,0.4375,18735791,0.647442711,32700,1,0.921568632,0.156862751,2,-1,153,0.386667698,-0.04354345,-1,3
4,0.09375,71543006,-0.027698515,29037,,0.820945919,0.156531528,4,1,888,0,0,0,0
3,0.21875,138070888,1.36785867,36000,1,0.959064305,0.15594542,5,3,513,0.016920657,0.016920657,0.5,3
8,0.21875,37585854,1.107093295,52237,1,0.887096763,0.155913979,4,0,186,0,-0.195955479,0,3
5,-0.03125,12594282,0.395451511,37048,1,0.870689631,0.155172408,4,0,116,0,0,0,1
5,-0.15625,36000000,0.727482115,43068,1,0.926253676,0.15339233,3,-2,339,0.256081946,-0.583727249,0.5,16
7.25,0.25,162700976,1.392661412,35131,,0.865573764,0.15245901,4,1,1220,0.410365076,0.303071548,-0.333333333,20
4.25,-0.125,17353101,0.37251391,33072,1,0.930379748,0.151898727,3,-1,158,0.742037933,-1.756462966,0,10
5.5,-0.09375,37676000,0.215731559,58824,2,0.865168512,0.151685387,3,-1,178,0.197723804,0.197723804,0,3
6,0.25,92458923,0.534338645,47101,1,0.89852941,0.151470587,5,0,680,0.663658083,0.061078353,0.079365079,22
3,0.125,22681611,0.516096047,31796,1,0.876712322,0.150684938,2,-1,146,0.254769281,0.254769281,1,1
8,0.46875,16506144,1.110428965,34850,1,0.774999976,0.150000006,3,0,120,0,0,0,2
6,0.25,258365903,0.118914315,44762,1,0.918543041,0.149668872,4,-1,1510,0.004327716,-4.45E-05,0,4
5.25,-0.125,73020921,1.175572667,45391,1,0.866412222,0.148854956,3,0,524,0.074206436,0.074206436,1,1
5.25,0.28125,20887776,0.379802052,42454,1,0.90476191,0.148148149,4,1,189,0.478230928,0.478230928,0,5
6,-0.1875,22957736,0.416329895,37339,1,0.875739634,0.147928998,5,1,169,0.648946112,-0.357157584,0,9
4.25,0,71379260,0.397324106,55910,1,0.852272749,0.147727266,2,-1,352,0.247512499,0.247512499,0,9
7,0.34375,8600000,0.3743622,32479,1,0.813953459,0.147286817,3,0,129,0,0,0,0
5,0.125,185269375,0.560824974,42073,1,0.89632827,0.146868244,4,0,926,1.084781517,1.084781517,0.115384615,29
2,-0.5,53910837,1.677502711,35485,1,0.805157602,0.146131799,3,1,349,0.329830533,0.329830533,0,6
6,0.375,165251729,0.502288445,60445,2,0.839285731,0.146008402,3,-1,952,0.497424997,-0.152475476,0.202380952,42
4,0.09375,11480291,0.184562304,44211,1,0.945454538,0.145454541,5,1,110,0,0,0,0
2,-0.53125,190000000,0.499545669,46699,1,0.859078586,0.145257458,3,0,1845,0.061165446,0.061165446,0,2
3,0.125,23777055,0.792330393,32295,1,0.877094984,0.145251393,2,-2,179,0.213096938,0.213096938,0.5,2
6.25,0.15625,21945426,0.29738656,51366,1,0.914473712,0.144736841,3,1,152,0.242020581,0.242020581,0,1
4,-0.28125,87051966,0.243599514,45884,1,0.837563455,0.144670054,4,0,394,0.058151977,-0.144084489,0,7
4.5,0.28125,125341600,0.595917437,53049,1,0.889728069,0.14350453,3,1,662,0.136723941,0.136723941,0.2,10
4,-0.28125,15000000,0.311188811,66367,1,0.920634925,0.142857149,3,0,126,0.341749484,-0.706146341,1,6
7,0.375,10793759,0.0793759,50583,1,0.914285719,0.142857149,3,1,70,1.242853592,1.242853592,0,1
6,-0.03125,27840201,0.967614111,43187,1,0.858208954,0.141791046,4,1,134,0,0,0,5
7.25,0.15625,64129770,0.643449348,51875,1,0.902515709,0.141509429,4,-1,318,0.203559855,-0.269703152,0.25,7
7,0.09375,17016474,0.555208359,47782,1,0.858974338,0.141025648,4,2,156,1.8497509,1.8497509,0.166666667,6
4,-0.375,36254671,0.765003444,52249,1,0.909909904,0.139639646,4,1,222,0.339151669,0.339151669,0,4
3.25,-0.46875,57000000,0.588633943,33963,1,0.868217051,0.139534891,4,0,258,0.149736763,0.149736763,0,4
4,0.46875,15000000,0.418179817,37992,1,0.86138612,0.138613865,3,0,101,0,0,0,1
3,-0.53125,35360806,0.494324822,54968,3,0.874251485,0.137724549,4,1,167,0.284039266,0.284039266,0,2
3,0.125,24000000,0.714285714,44553,,0.870229006,0.137404576,4,1,131,0,0,0,0
7.75,0.46875,33663132,1.051987628,32100,1,0.697095454,0.136929467,3,0,241,0,-0.273879559,0,6
6,-0.03125,90476916,0.924493268,55577,1,0.903903902,0.135135129,4,0,333,0.564591104,0.331872768,0.166666667,18
3,0.09375,55420523,0.402987033,38355,1,0.933566451,0.134615391,4,1,572,0.095567028,0.057166163,-0.5,5
7,0.125,26000000,0.289621449,56867,1,0.928571403,0.133928567,5,0,112,0.246463252,-0.278973123,1,5
6,-0.15625,13000000,0.351940893,47174,1,0.916666687,0.13333334,4,0,120,1.236848181,1.236848181,0,4
7,0.21875,13840000,0.563610358,35000,1,0.876190484,0.13333334,4,2,105,0,0,0,0
5,-0.28125,690000000,0.402439024,74357,,0.915187359,0.133245677,5,2,4563,0.010250158,0.006341896,0.125,18
3,-0.46875,39881825,0.594768989,37814,1,0.941176474,0.132352948,4,2,408,1.088500536,0.32740529,-0.6,22
6.25,0.125,53389471,0.242609663,55625,1,0.924000025,0.131999999,4,2,250,0,0,0,1
3,0.375,41816466,0.498580905,32500,1,0.868292689,0.131707311,3,0,205,0,0,0,1
2,0.125,2100000,0.112288136,19000,1,0.789473712,0.131578952,4,1,38,0,0,0,0
5,0.25,54504279,0.603067029,39520,1,0.837370217,0.131487891,3,-1,289,0,0,0,1
6.25,-0.21875,39161400,0.805979441,52900,2,0.813131332,0.13131313,3,-1,198,0.56924268,0.56924268,0,4
7.5,0.15625,31729475,0.259065931,56160,1,0.885496199,0.129770994,5,0,131,0.203253685,-0.409739315,0,5
6,0.625,16000000,0.437878095,42120,1,0.931972802,0.129251704,3,1,147,0,0,0,1
2,-0.1875,14462312,0.236095043,31000,,0.870967746,0.129032254,2,0,155,0,0,0,0
7.25,0.0625,26515252,0.132085667,38084,1,0.897058845,0.128676474,4,0,272,0.390811246,0.390811246,0,5
6,0.21875,4500000,0.222045705,51882,,0.897435904,0.128205135,3,-1,39,0,0,0,0
8,0,72239303,0.406179569,47052,1,0.831485569,0.126385808,4,0,451,0.041978285,0.041978285,0,2
5.25,-0.03125,37611529,4.531107206,34650,1,0.87843138,0.125490203,4,0,255,0.257274435,0.098546292,0.5,6
5,0.125,20785418,0.371974785,38367,1,0.918478251,0.125,4,0,184,0.377546551,0.377546551,0,2
6.5,0.21875,1375979,0.172842653,30233,1,0.875,0.125,2,0,16,0,0,0,0
6,0.125,30924932,0.33102023,39672,1,0.839999974,0.123999998,3,0,250,0,0,0,2
4.25,0,52547545,0.339919765,41065,1,0.883161485,0.12371134,3,-1,291,0,0,0,0
6.5,0.03125,25531278,0.260370284,50892,1,0.780821919,0.12328767,2,-2,219,0.163763682,0.073910287,0,3
3,0,15000000,0.563477173,48081,1,0.94615382,0.123076923,1,-1,130,0,0,0,0
2,-0.34375,28235400,0.301170507,58490,1,0.934426248,0.122950822,5,2,122,0.198739199,-0.441656993,1,5
6.25,0.375,21800000,0.532355798,41746,1,0.883435607,0.122699387,5,0,163,0,0,0,0
6,-0.25,258500701,0.507215924,46704,1,0.917910457,0.122201495,3,0,1072,0.007248965,-0.000905719,0.5,6
7,-0.03125,13000000,0.157001344,36483,1,0.893129766,0.122137405,3,1,131,0,-0.407950132,0,2
7,-0.09375,55383094,0.31756836,34278,1,0.911214948,0.121495329,4,2,428,0.528222952,0.111310771,-0.333333333,9
6,0.03125,18170498,0.490451488,36757,1,0.850746274,0.119402982,4,2,134,0.266831747,0.266831747,0,2
2,-0.28125,28098890,0.276193892,34490,1,0.880658448,0.119341567,4,0,243,0.131521493,-0.008845933,0,4
5.25,-0.25,40734913,0.201849764,52125,3,0.812977076,0.118320614,4,-1,262,0.343604827,0.168134215,0,3
2.75,-0.15625,31000000,1.583333333,33412,1,0.664215684,0.117647059,3,-1,408,0,-0.169035416,0,2
5.25,0.65625,18843000,0.354787722,58481,2,0.910344839,0.117241383,2,-1,145,0,0,0,0
7,0.03125,21000000,0.656150244,32258,1,0.868020296,0.116751269,4,0,197,0.291674445,-0.070408255,0,3
8,0.4375,128234266,7.409699892,33316,1,0.829921246,0.116535433,4,1,635,0.081148017,-0.163730112,0.3,13
5,0.25,15415789,0.340995595,50176,1,0.910958886,0.116438359,3,-1,146,0,0,0,0
4.5,-0.09375,24645965,0.227766808,60499,1,0.875968993,0.116279073,4,2,129,0.344794296,0.344794296,0,2
6,-0.25,11036313,0.601998435,36670,2,0.868217051,0.116279073,5,2,129,0,0,0,0
4,-0.15625,17876752,0.056578785,32329,1,0.939226508,0.116022103,4,1,181,0.356567256,0.356567256,0,3
2.25,-0.25,75000000,-0.871218178,35000,1,0.900579572,0.11547035,5,3,2243,0,0,0,4
5.75,0.0625,66363483,-0.362964296,37644,1,0.901442289,0.115384616,4,0,416,0,-0.081147139,0,3
6,0.09375,140000000,-0.133755223,48000,1,0.949999988,0.115000002,3,1,1000,0.034830594,0.020476686,0.2,8
6.75,0.3125,24211000,0.37449284,37922,1,0.931034505,0.114942528,1,-1,174,0.388102335,0.388102335,0,1
5.25,0.28125,451326836,0.052698757,54351,1,0.890651107,0.114774622,3,-1,2396,0.111354607,0.060265976,0.166666667,13
1,-0.1875,37900744,0.509989801,49739,1,0.878980875,0.114649683,3,0,157,0.029952962,0.029952962,1,2
5.75,-0.03125,46919600,0.004502315,48609,1,0.874269009,0.114035085,4,2,342,0.884273375,0.884273375,0.2,8
8,0.09375,55095869,0.343801683,56732,1,0.855555534,0.11388889,3,-1,360,0.604776281,0.604776281,0,5
2,-0.25,30442687,0.52213435,66540,1,0.886597931,0.113402061,3,0,194,0,-0.517368045,0,3
3.5,-0.4375,29824123,1.94908761,31928,1,0.85958904,0.1130137,3,0,292,0,0,0,2
5,-0.25,10808576,0.427205379,33955,,0.878504694,0.112149529,2,-1,107,0.623550246,0.623550246,0,2
7,0.21875,16000000,1.209899577,30000,1,0.905882359,0.111764707,4,0,170,1.375080786,1.375080786,0,6
6,0.5,4200000,0.295040028,42804,,1,0.111111112,4,2,45,0,0,0,0
2,0.25,545064,-0.5092992,32867,1,0.888888896,0.111111112,3,1,18,0.828747597,0.828747597,0,1
3,-0.15625,40000000,0.94074112,39401,1,0.862745106,0.111111112,3,0,306,0.432471082,0.083915149,0,9
5.25,-0.1875,22986870,0.51365936,43494,1,0.937172771,0.109947644,4,0,191,0.841134859,0.841134859,0.25,5
7,0.34375,25900376,0.996890447,43250,2,0.914634168,0.109756097,5,3,164,0.216334089,-0.035689662,1,2
8,0.21875,22508577,0.488252443,34158,1,0.858447492,0.10958904,4,1,219,0.23455238,-0.038543323,0,2
4.25,-0.21875,36120373,0.961212749,32027,1,0.917274952,0.109489053,3,-1,411,0.481175351,0.481175351,0,10
6,0,8524520,-0.052831111,45514,1,0.899999976,0.108333334,4,1,120,0,0,0,1
8,0.34375,27558404,1.037226933,42203,3,0.911392391,0.107594937,2,-2,158,0.299717067,0.299717067,1,1
3.5,-0.21875,62036640,0.49950165,41120,1,0.841823041,0.107238606,1,-3,373,0.16799156,-0.202044407,0,6
6.25,0.03125,22993516,0.400000085,43820,,0.909090936,0.10695187,3,0,187,0.251704036,-0.597519207,0,5
6.25,0.28125,80543846,0.660103025,56396,1,0.874316931,0.106557377,4,0,366,0.13694328,-0.019470955,0.666666667,12
8,0.125,21000000,1.225248089,38292,1,0.872222245,0.105555557,2,-1,180,0,0,0,1
5,-0.25,13000000,0.529411765,32906,1,0.84677422,0.104838707,5,1,124,0,-0.540295217,0,2
3,-0.5,11985445,0.327751298,56299,1,0.952830195,0.103773586,3,-1,106,0,0,0,1
6.25,0.09375,50257137,0.482770529,40419,1,0.856321812,0.103448279,4,1,174,0.099228203,0.045220391,0,5
5,0.21875,31867264,0.448512,48000,1,0.957746506,0.103286386,4,1,213,0.210501499,-0.025441045,1,2
7.25,0,15041691,0.464638935,36754,1,0.909638584,0.102409638,4,0,166,0,0,0,0
6,0.25,20301000,0.576997172,41700,2,0.817518234,0.102189779,4,0,137,0,-0.351291347,0,3
5.25,0,8918777,0.511657119,37020,1,0.884057999,0.101449274,4,2,69,0,0,0,0
6.25,0.0625,13459052,0.266734306,37779,1,0.887640476,0.101123594,5,0,89,0,0,0,1
5,0,26920812,0.353375897,51084,1,0.904040396,0.101010099,2,-1,198,0.249625562,-0.288755634,-0.5,3
5,-0.21875,22370464,0.556314457,58308,2,0.853210986,0.100917429,5,0,109,0,0,0,1
5,-0.34375,29059962,0.554735731,53402,1,0.908450723,0.098591551,4,1,142,1.04869071,0.449270948,0.25,7
0,0,49718199,4.096139196,44250,1,0.902499974,0.097499996,3,1,400,0,0,0,0
5.25,0.03125,21837207,0.4055502,51002,2,0.861111104,0.097222224,5,1,144,0.857662355,-0.328042783,0.5,5
5,0.09375,17047527,0.229083143,48062,1,0.888888896,0.096296296,2,0,135,0,0,0,0
4,-0.4375,13067444,0.080976153,35670,3,0.91911763,0.095588237,4,1,136,0.585069038,0.585069038,0,3
5,0.375,11287507,0.762439536,33304,1,0.889705896,0.095588237,4,1,136,0.460654006,0.460654006,0.333333333,4
7,0.625,37700000,0.698198198,47428,,0.906593382,0.093406595,3,1,182,0.518274354,0.518274354,0,2
4,-0.125,33737129,0.763474202,40539,2,0.883720934,0.093023255,5,1,215,0.310081365,0.310081365,0,3
2,0,96910700,0.680983223,19951,4,0.896017671,0.092920355,4,1,452,0,0,0,0
3.25,-0.25,14658352,0.218654426,33953,1,0.956790149,0.09259259,4,0,162,0,0,0,1
7,0.125,5038171,0.291838718,29119,1,0.833333313,0.09259259,5,1,54,0,0,0,0
4.75,0.34375,99128566,0.285216065,42619,1,0.892473102,0.092473119,2,-2,465,0.020911105,0.020911105,0,1
3,-0.28125,17976412,0.369314336,50239,2,0.890756309,0.092436977,3,0,119,0,0,0,1
3,-0.125,20233933,0.505571317,55415,,0.921985805,0.092198581,2,-1,141,0.351271603,0.351271603,0,4
6,0,150498953,0.406904573,38444,1,0.952875376,0.091853037,2,-1,1252,0.007642272,0.007642272,0,2
7.25,0.40625,21806788,0.334261723,39965,1,0.909638584,0.090361446,4,0,166,0.192241147,0.192241147,0,2
5.5,0.28125,9560818,0.542067419,30674,1,0.912280679,0.087719299,2,0,114,0,0,0,0
5,-0.375,57526582,0.953206699,38800,1,0.926174521,0.087248325,3,-1,149,0.061115579,0.061115579,0,3
5,0.03125,13071134,0.156072116,40290,1,0.905511796,0.086614177,4,2,127,0.415648328,0.415648328,0,1
5,0.5,24800000,0.771428571,49796,1,0.932515323,0.08588957,5,2,163,0.24663832,0.24663832,0,2
6.25,-0.09375,12347418,0.449003141,46570,1,0.963414609,0.085365854,4,1,82,0.642343268,0.642343268,0,1
3,-0.5,46669785,0.183785363,40456,,0.91166079,0.084805652,4,-1,283,0.235512452,-0.027483493,0,5
6,-0.0625,16602177,0.709029025,29889,1,0.924369752,0.084033616,3,-1,119,0,0,0,0
1,-0.25,1372245,0.524716667,64896,2,0.916666687,0.083333336,3,1,12,0,0,0,0
5,0.125,15339668,0.463188146,56676,1,0.892857134,0.083333336,5,2,84,0,0,0,0
4,-0.25,35499023,0.293975151,64278,3,0.886904776,0.083333336,0,-2,168,0,0,0,0
4,-0.125,6200000,0.476190476,46318,2,0.833333313,0.083333336,3,0,48,0,-0.755172935,0,3
6.25,0.03125,25612039,0.438878596,41983,1,0.917525768,0.082474224,5,1,194,0.639549757,0.639549757,0,4
8,0.15625,19600000,0.604168875,63044,3,0.936363637,0.081818178,3,0,110,0,0,0,0
4.25,0.125,11181073,0.311954016,42390,1,0.920000017,0.079999998,3,0,75,0.356465573,0.356465573,0,1
3,-0.25,10192582,0.410122419,39673,1,0.944444418,0.079365082,3,0,126,0,0,0,0
4,-0.03125,37000000,0.403014357,69154,1,0.880658448,0.078189299,4,0,243,0,-0.220097547,-1,2
4,-0.375,36533516,1.029639778,54980,1,0.90780139,0.078014188,5,2,141,0.154057568,0.154057568,0,1
5,0.25,20000000,0.471730016,30059,1,0.897435904,0.07692308,3,0,156,0.201325527,0.201325527,0,1
5.75,-0.0625,23595232,0.820124977,41780,,0.939849615,0.075187966,3,1,133,0,0,0,0
5,0,66516256,0.87368896,44699,1,0.915492952,0.07394366,3,-1,284,0.20110851,0.20110851,0.5,2
1,0.125,111300000,-0.362457002,48576,1,0.918300629,0.073529415,3,0,612,0.076911698,0.069888429,0.083333333,13
4,-0.375,49502190,0.363388448,32775,1,0.883950591,0.071604937,5,1,405,0.54884742,0.54884742,0.5,8
5.25,0.15625,136000000,0.531125232,41103,1,0.831501842,0.069597073,2,0,273,0,-0.033933366,0,1
3,0.09375,2900000,0.170580172,35097,1,0.896551728,0.068965517,2,0,29,0,0,0,0
7,0.625,8726440,0.038861905,40688,1,0.89915967,0.067226894,4,1,119,1.46621833,1.46621833,0,4
4.75,0.3125,23875798,0.013290876,41363,1,0.885245919,0.065573767,3,1,122,0.128338732,0.128338732,1,1
2,-0.25,54415534,0.606993707,58510,1,0.954545438,0.064935066,5,1,154,0,-0.148084965,-1,4
6.25,-0.21875,12100000,0.413605073,38000,,0.92592591,0.064814813,3,0,108,0.715778624,-0.516233992,0,6
7,-0.125,13045083,0.247756229,35876,1,0.825688064,0.064220183,3,0,109,0,0,0,0
7,0.5,32970067,0.676793199,49743,1,0.912,0.064000003,2,-2,125,0,0,0,1
2,0.125,6826405,0.219000893,27232,1,0.829787254,0.063829787,3,0,47,0.257989949,0.257989949,0,1
2.75,-0.28125,12888000,0.562181818,35935,1,0.945454538,0.063636363,2,-1,110,0.893734918,0.893734918,0,3
3,0.125,38130375,0.101350995,38867,,0.806060612,0.063636363,2,-2,330,0,0,0,0
2.5,-0.125,74000000,0.441179299,39000,1,0.853813589,0.063559324,4,0,472,0,0,0,1
2.5,-0.4375,5986182,0.295311983,30283,1,0.857142866,0.063492067,3,-1,63,1.001682827,1.001682827,0,1
6.25,-0.125,24332321,0.39262689,30722,1,0.902438998,0.063414633,4,0,205,0.89695752,0.501569328,0.2,9
2.25,0.03125,957089000,0.514381329,58211,,0.950611472,0.063029163,5,3,4252,0.04501507,0.040971547,0.217391304,32
8,0.125,21445161,0.799553711,40492,1,0.933014333,0.062200956,3,1,209,0,0,0,0
6.25,0.03125,13623218,0.17116969,48048,1,0.897260249,0.061643835,3,0,146,0,0,0,0
5,0.375,4747561,0.402667087,32216,1,0.918367326,0.06122449,3,1,49,0,0,0,0
3,-0.375,16895417,-0.200652435,58788,1,0.951219499,0.060975611,3,-2,82,0.096774693,0.096774693,0,2
6.75,0.28125,17111709,0.199880809,39033,2,0.896969676,0.060606062,2,0,165,0,0,0,0
3,0,22000000,1.10468895,32162,1,0.868131876,0.060439561,3,1,182,0.119892576,-0.051356722,0,3
7.75,0.09375,48600000,0.62,48122,1,0.924812019,0.060150377,4,1,133,0,0,0,0
6,0.625,14300000,0.447867848,43000,1,0.87969923,0.060150377,5,1,133,0.047057495,0.047057495,0,1
5,-0.125,34893930,0.158747266,52540,1,0.919354856,0.059139784,5,1,186,0.952810473,0.777880096,-0.833333333,8
5.25,0.53125,19200000,0.895266769,24835,1,0.918181837,0.059090909,4,2,220,0.248358351,0.248358351,0,2
4.75,0.1875,2343975,1.020668103,45717,1,1,0.05882353,2,0,17,0,0,0,0
7,-0.09375,22285910,0.749510063,52680,,0.875912428,0.05839416,4,-1,137,0,0,0,0
3,-0.125,8998233,0.150218508,30451,1,0.922330081,0.058252428,3,1,103,0.355371078,0.355371078,0,2
7.25,-0.0625,38033450,0.543840651,45508,1,0.847094774,0.058103975,4,-1,327,0.094196018,0.094196018,0,2
6.5,0.125,13500000,0.5,33003,1,0.834710717,0.05785124,5,1,121,0,0,0,0
5,-0.03125,17672990,0.238516403,48349,1,0.931034505,0.057471264,3,0,174,0,0,0,0
5,-0.34375,31833760,0.251596944,33321,2,0.933753967,0.056782335,5,0,317,0.770696278,0.770696278,0,7
3.75,-0.3125,12555573,0.106183774,49255,1,0.924528301,0.056603774,4,0,106,0.439630007,0.439630007,0,1
7,0,18724697,0.560391417,43942,,0.895161271,0.056451611,4,0,124,0.302228025,0.302228025,0,1
5,0.625,16321653,0.231166215,50188,1,0.934579432,0.056074765,2,0,107,0.38290703,0.38290703,1,1
1,-0.21875,2547340,-0.424232356,64368,1,0.944444418,0.055555556,1,-1,18,0,0,0,0
4,-0.5,86554672,0.328504357,40000,1,0.874673605,0.054830287,5,1,383,0.064742184,0.064742184,0,4
1,-0.59375,301464028,0.682851112,39372,2,0.950372219,0.054590572,4,0,1209,0.016575795,0.016575795,0,5
7.75,0.625,9300000,0.141092394,53924,1,0.918181837,0.054545455,3,-1,110,0,0,0,3
7,0.34375,10800000,0.588235294,31841,1,0.85135138,0.054054055,5,1,148,0,0,0,0
2.5,-0.0625,15200000,0.169230769,43854,1,0.973333359,0.053333335,3,0,75,0.301630009,0.301630009,1,1
4.5,0.28125,15823934,1.171638074,44810,1,0.938053071,0.053097345,3,0,113,0,0,0,0
6.5,0.0625,19440925,0.495455769,38644,2,0.822368443,0.052631579,3,0,152,0,0,0,0
8,0.125,26762129,0.327111859,59700,3,0.852173924,0.052173913,3,1,115,0,0,0,0
6.25,0.4375,18280700,0.406207692,44000,2,0.846153855,0.051282052,4,2,156,0.289986197,0.289986197,0,3
4.75,-0.15625,19717894,0.327524502,31786,1,0.872448981,0.05102041,3,0,196,0,0,0,1
8,0.375,15954000,0.029290323,52000,1,0.964285731,0.049107142,3,0,224,0,-0.539025442,-0.5,2
6.25,0.40625,7400000,0.515929034,33822,1,0.90322578,0.048387095,2,0,62,0,0,0,0
3,0,14040747,0.526168152,45552,1,0.864000022,0.048,2,0,125,0,0,0,0
6.25,0.625,22083509,0.039878514,40479,1,0.897260249,0.047945205,2,-1,146,0,0,0,0
4.25,-0.125,38184541,0.461089217,43700,,0.84523809,0.047619049,4,1,168,0,-0.066830803,-1,1
2,-0.40625,49049320,0.619390965,43386,1,0.859375,0.046875,3,0,128,0.056343107,-0.007989405,-1,2
4,0.25,14713843,0.457989315,55000,1,0.934579432,0.046728972,2,1,107,0,0,0,0
3.5,-0.09375,14000000,0.642421398,54807,2,0.963302732,0.04587156,5,2,109,0,0,0,0
5.25,0.53125,47767748,0.211921506,49670,1,0.904522598,0.045226131,4,0,199,0.046788004,0.046788004,0,1
6,0,9693714,0.467724477,31124,1,0.948717952,0.044871796,3,-2,156,1.068573952,1.068573952,0,3
3,-0.03125,13932000,0.3932,54241,1,0.946902633,0.044247787,4,0,113,0,0,0,0
1.25,-0.34375,8821399,0.461021427,31054,1,0.970588207,0.044117648,4,1,68,0,0,0,1
6.25,0.21875,13662981,0.242089182,39228,1,0.863354027,0.043478262,3,0,161,0,-0.392865561,0,4
3,-0.125,29300000,0.254435801,44843,1,0.840579689,0.043478262,5,1,138,0,0,0,0
5.25,-0.1875,20287717,0.398922894,52613,1,0.926829278,0.042682927,5,2,164,0,0,0,0
5.25,0,20570203,0.4086114,47925,1,0.920930207,0.041860465,3,0,215,0,0,0,0
3,0.375,17957214,0.424582138,38230,1,0.908333361,0.041666668,1,-1,120,0,0,0,0
3.25,-0.59375,189000000,0.395746591,45419,1,0.972639024,0.040600177,4,1,1133,0.05694028,0.05694028,0.1,12
6,0.125,18096286,0.362575589,45644,3,0.849206328,0.039682541,2,0,126,0,0,0,0
2,-0.5,15000000,0.032503983,46762,2,0.920792103,0.03960396,3,-1,101,0,0,0,0
4,0,32000000,0.684210526,48297,1,0.846534669,0.03960396,3,0,202,0.390262178,0.390262178,0,3
1,-0.125,6530363,0.451191778,34267,1,0.907894731,0.039473683,4,2,76,0,0,0,0
1,-0.25,11547172,0.421780111,49522,1,0.951456308,0.038834952,4,2,103,0.445990545,0.445990545,0,1
6,0.375,14000000,0.555555556,34197,1,0.932038844,0.038834952,3,1,103,0,0,0,0
7.75,0,5000000,0.06593944,37686,1,0.865384638,0.03846154,3,1,52,0,0,0,0
3,0.125,35914597,-0.342910109,48832,1,0.822966516,0.038277511,2,0,209,0.053550162,0.053550162,1,2
7,0,68141407,0.500017688,44031,2,0.69933182,0.037861917,3,0,449,0.049650165,0.049650165,1,2
6.25,0.28125,6601494,0.313468762,43474,1,0.943396211,0.03773585,2,0,53,0,0,0,0
5,-0.28125,27407366,0.637617484,50916,1,0.888059676,0.037313432,5,1,134,0.539490721,0.539490721,1,3
2,0,22200000,-0.019359998,40227,1,0.987577617,0.037267081,5,2,161,0,0,0,1
3.75,-0.1875,4200000,0.5,42000,1,0.857142866,0.035714287,5,1,28,0,0,0,0
3.25,-0.25,8132875,0.213340385,56928,2,0.894736826,0.03508772,4,0,57,0,0,0,0
1,-0.40625,5837548,0.234499728,39929,1,0.896551728,0.034482758,5,2,58,0,0,0,0
5,0,9469785,0.114092353,37794,1,0.93617022,0.031914894,3,-1,94,1.230375511,1.230375511,0,2
7,0.375,31980986,0.512658714,43417,1,0.911347508,0.031914894,4,-1,282,0,0,0,0
8,0.59375,14000000,0.555555556,47699,1,0.898989916,0.030303031,3,0,99,0,0,0,1
4.75,-0.0625,16769067,0.219057923,41561,1,0.878787875,0.030303031,2,-1,99,0,0,0,0
8,0.125,12983474,0.356853569,38400,,0.920000017,0.029999999,4,0,100,0,0,0,0
0,-0.21875,68501441,-0.084656178,41258,1,0.967016518,0.029985007,1,-2,667,0.147978187,0.12035928,0.454545455,13
6,0.09375,9488002,0.355428857,42552,2,0.867647052,0.029411765,4,1,68,0,0,0,0
1,0,18192848,-0.589763442,35000,1,0.942857146,0.028571429,4,2,105,0,0,0,0
3.25,0.25,11012280,8.119353663,34786,1,0.857142866,0.028571429,3,0,35,0,0,0,0
6.75,0.0625,12637907,0.43736209,31154,1,0.917808235,0.02739726,4,1,146,0,0,0,0
3,-0.28125,22000000,0.1,95000,0,0.942708313,0.026041666,1,-1,192,0,0,0,1
3.75,0.21875,12368146,-0.010685874,42515,1,0.805194795,0.025974026,4,3,77,0,0,0,0
4.25,0.21875,21271540,0.07713926,47008,2,0.935483873,0.024193548,3,-1,124,0,0,0,0
7,0.34375,60535490,0.31573592,44137,1,0.942307711,0.023504274,3,2,468,0.013492611,0.013492611,0,1
1,-0.40625,16440745,0.584474797,41993,1,0.977272749,0.022727273,3,0,132,0.202731195,0.202731195,0,1
1,-0.375,10401007,0.646161855,41151,1,0.962121189,0.022727273,4,2,132,0.409084959,0.409084959,0,1
7,0.625,14021750,0.402175,45297,1,0.946969688,0.022727273,4,1,132,0,0,0,1
3.5,0.0625,9833486,0.191937697,45349,1,0.910112381,0.02247191,1,-2,89,0.455323644,0.455323644,0,1
6,0.5,19290264,0.577654889,45448,1,0.91366905,0.021582734,3,0,139,0.934981394,0.672431509,0,6
3.75,-0.09375,15118150,0.876742748,47070,,0.877551019,0.020408163,3,-1,49,0,0,0,0
4.25,0,36000000,0.085042725,46000,1,0.934343457,0.02020202,2,0,198,0.186371057,0.186371057,0,2
3.5,0.3125,9205867,-0.292665575,44096,1,0.920792103,0.01980198,4,1,101,0,0,0,0
1,-0.625,37624204,0.350483313,41766,4,0.921052635,0.019736841,4,0,152,0,0,0,0
2,-0.375,9386732,0.251177403,42000,1,0.912621379,0.019417476,4,0,103,0.356699531,0.356699531,0,1
2,-0.28125,39028163,0.944718028,43720,4,0.971698105,0.018867925,5,0,106,0.338540844,0.101585249,0.666666667,9
4.25,-0.03125,16622401,0.468087055,27729,1,0.797169805,0.018867925,2,-1,212,0.318906025,0.318906025,0,2
3,0,14000000,0.647058824,31569,1,0.928571403,0.015873017,4,0,126,0.153129977,-0.011151325,1,3
4,-0.34375,11400000,0.645497011,36608,3,0.970588207,0.014705882,5,1,68,0,0,0,0
1,-0.15625,11582000,0.089557855,35547,,0.884057999,0.014492754,5,2,69,0,0,0,0
2.5,-0.21875,19476030,0.6230025,59494,1,0.916083932,0.013986014,4,1,143,0,0,0,0
7.25,-0.0625,5443959,0.340651728,34174,1,0.915662646,0.012048192,2,0,83,0,0,0,0
3.5,0.28125,8585725,1.24347266,28152,1,0.915789485,0.010526316,4,1,95,0,0,0,0
4,0.09375,11428229,0.835083597,51235,1,0.961904764,0.00952381,4,1,105,0,0,0,0
5,0.46875,32000000,0.206118943,45000,2,0.952380955,0.00952381,4,2,105,0,0,0,1
4.75,-0.0625,12185755,0.650521633,44803,,0.933333337,0.00952381,4,0,105,0.304956147,0.304956147,1,1
5.25,0.0625,18000000,0.368535201,41982,1,0.789473712,0.007518797,3,-1,133,0,0,0,0
2,-0.3125,32380010,0.482616804,47979,3,0.892617464,0.006711409,4,1,149,0.19170309,0.19170309,0,1
1,-0.125,72246862,2.263435209,42672,1,0.954999983,0.005,2,-1,200,0.043646242,-0.105982081,0,6
4,0.21875,-71750,-0.880646294,41000,1,1,0,3,1,14,0,0,0,0
3.25,0.25,2000000,0.25,30534,1,1,0,4,2,15,0,0,0,0
2,0.0625,1266543,0.634249032,42531,1,1,0,3,1,9,0,0,0,0
0,0,2000000,0.533742331,30916,1,0.9375,0,2,1,16,0,0,0,0
2.5,-0.1875,3726076,0.284853793,43638,2,0.935483873,0,4,-1,31,0,0,0,0
2.25,-0.375,5151940,0.082144141,49390,1,0.921568632,0,4,0,51,0,0,0,0
3.5,0.0625,13146456,0.613139081,45017,2,0.907407403,0,4,2,54,0,0,0,0
3.75,0.3125,5076625,0.387056011,55924,1,0.90322578,0,3,0,31,0,0,0,0
5.75,-0.09375,26000000,0.625,49027,1,0.864000022,0,3,1,125,0,0,0,0
2,-0.625,22366968,0.355573818,45420,1,0.852459013,0,0,-3,122,0,-0.23558014,0,1
2,-0.46875,14000000,0.636854863,47466,1,0.841379285,0,2,-1,145,0,0,0,0
1,-0.1875,1295907,0.360595135,28835,0,0.823529422,0,4,0,17,0,0,0,0
1,0,250000,-0.451886606,40200,1,0.800000012,0,2,1,5,0,0,0,0
1,-0.03125,375000,0.429731554,30000,2,0.800000012,0,2,0,5,0,0,0,0
7.25,0.40625,70115000,1.707431162,48405,1,0.977272749,,3,-1,220,0.157650793,0.157650793,0.333333333,6
3.25,0.125,30038458,0.287953399,53647,2,0.960698664,,5,1,229,0.523761305,0.330367632,0,4
3.25,0.125,24000000,0.846153846,39000,1,0.95588237,,3,-2,204,0.313731396,0.313731396,0,1
5,0.375,35000000,1.1875,44000,1,0.942386806,,0,-2,243,0.024888723,0.024888723,0,1
6,0.125,42300000,0.168662635,72324,1,0.9375,,4,-1,160,0.292937282,-0.033037709,-0.5,6
4,-0.40625,25915350,0.360908759,57928,,0.928571403,,5,0,98,1.377334582,-0.620861332,0.457142857,15
8,0,54000000,0.171472637,51737,1,0.927835047,,3,-2,291,0.43284984,0.046016612,-0.083333333,13
3.5,-0.15625,48700000,0.352777778,50553,1,0.923357666,,5,1,274,0.136418948,0.136418948,0.25,9
1,-0.3125,19816948,0.869523396,35276,1,0.921212137,,3,0,165,0.508254046,0.508254046,0.5,2
3.5,-0.0625,40000000,0.400620005,47208,1,0.904109597,,5,2,73,0.139988577,0.139988577,1,1
2,-0.25,62625350,0.344680202,45247,2,0.900862098,,3,1,232,0,0,0,0
6,-0.125,12667150,-0.095203571,54180,1,0.894230783,,4,1,104,0.834738476,0.271447052,0,4
4,0.0625,108304405,0.195193529,38084,1,0.887878776,,2,-1,330,0.01329679,0.01329679,1,1
6,0.71875,6300000,0.272340426,16600,1,0.879999995,,3,1,50,0,0,0,0
5.25,-0.125,7737663,0.305131119,62000,1,0.876923084,,2,0,65,0.760733956,0.760733956,0,1
2,-0.28125,17885205,1.9808675,34610,1,0.844961226,,3,0,129,0.230912752,-0.035563473,0,4
4.75,0.09375,12920198,0.12796211,33237,1,0.76119405,,5,2,134,0,0,0,0
5,0.375,34000000,0.346526548,29952,1,0.682926834,,3,0,123,0,0,0,0
0,-0.75,132039846,0.571902929,50004,,,,0,-3,,0.004831013,-0.011650011,0,4
0,-0.15625,119085000,0.684040813,48608,,,,0,-2,,0.009308066,-0.000574577,0,13
0,-0.125,50278684,0.383027859,48044,,,,0,-2,,0.018929943,0.018929943,0,2
