year,COD,mental_illness,race,sex,armed
2016,0,0,1,1,0
2016,7,2,0,1,0
2016,0,0,0,2,0
2016,0,0,0,1,0
2016,0,0,0,1,0
2016,0,0,2,1,0
2016,0,0,0,1,0
2016,0,0,0,1,0
2016,0,1,0,3,0
2016,0,1,1,1,0
2016,0,0,1,1,0
2016,0,0,0,1,0
2016,0,0,4,1,0
2016,0,0,0,1,0
2016,0,2,1,1,0
2016,0,0,1,1,1
2016,2,0,1,2,1
2016,2,0,1,1,1
2016,2,0,1,1,1
2016,0,0,1,1,1
2016,0,0,1,1,0
2016,2,0,0,1,0
2016,2,0,0,2,0
2016,0,0,0,2,0
2016,0,1,1,1,0
2016,0,1,0,1,0
2016,0,1,1,1,0
2016,0,0,0,1,0
2016,0,0,0,1,0
2016,0,0,1,2,0
2016,0,0,2,1,0
2016,0,1,0,1,0
2016,0,0,3,1,0
2016,0,0,1,1,0
2016,2,0,1,1,0
2016,0,0,0,1,0
2016,0,0,1,1,0
2016,2,0,1,1,0
2016,2,0,0,2,0
2016,0,0,1,1,0
2016,0,0,0,1,0
2016,0,0,1,1,0
2016,0,0,0,1,0
2016,0,0,0,1,0
2016,0,1,1,1,0
2016,0,0,0,1,0
2016,0,2,0,1,0
2016,0,0,0,1,0
2016,0,0,0,1,0
2016,0,1,0,1,0
2016,0,0,0,1,0
2016,0,0,1,1,0
2016,0,0,2,1,0
2016,0,0,0,1,0
2016,0,0,0,1,0
2016,0,0,0,1,1
2016,0,0,1,1,1
2016,0,0,0,2,1
2016,0,0,2,1,1
2016,0,0,0,1,1
2016,0,0,1,1,1
2016,0,1,2,1,1
2016,0,0,2,1,1
2016,0,0,0,1,1
2016,0,0,0,1,1
2016,0,0,0,2,1
2016,0,0,0,1,1
2016,0,0,0,1,1
2016,0,1,0,1,1
2016,0,0,0,1,1
2016,0,1,2,1,1
2016,0,2,0,1,1
2016,0,1,3,1,1
2016,0,0,0,1,1
2016,0,1,0,1,1
2016,0,1,0,1,1
2016,0,2,0,1,1
2016,0,0,1,1,1
2016,0,0,1,1,1
2016,0,0,1,1,1
2016,0,0,0,1,1
2016,0,0,0,1,1
2016,0,1,0,1,1
2015,0,0,1,1,1
2015,0,0,2,1,1
2015,0,2,3,2,1
2015,0,0,3,1,1
2015,0,2,0,1,1
2015,0,0,0,1,1
2015,0,2,1,2,1
2015,0,2,0,1,1
2015,0,1,1,1,1
2015,0,0,2,1,1
2015,0,0,1,1,1
2015,0,2,0,1,1
2015,0,0,2,1,1
2015,0,0,1,1,1
2015,0,0,1,1,1
2015,0,0,2,1,1
2015,0,0,0,1,1
2015,0,0,0,1,1
2015,0,1,0,1,1
2015,0,0,1,1,1
2015,0,1,1,1,1
2015,0,1,2,1,1
2015,1,2,2,1,1
2015,0,0,1,1,1
2015,0,3,1,1,1
2015,0,1,2,1,1
2015,2,0,0,1,1
2015,0,0,0,1,1
2015,0,2,1,1,1
2015,4,1,1,1,1
2015,0,0,2,1,1
2015,0,0,0,1,1
2015,0,0,0,2,0
2015,0,0,0,1,0
2015,0,0,0,1,0
2015,0,0,1,1,0
2015,0,0,2,1,0
2015,0,0,1,1,0
2015,0,0,3,1,0
2015,0,0,2,1,0
2015,0,1,0,2,0
2015,0,1,0,1,0
2015,0,0,0,1,0
2015,0,0,0,1,0
2015,0,0,3,1,0
2015,0,1,0,2,0
2015,0,0,0,1,0
2015,0,1,1,1,0
2015,0,1,1,1,0
2015,0,0,1,1,0
2015,0,0,0,1,0
2015,0,0,0,1,0
2015,0,0,0,1,0
2015,0,0,0,1,0
2015,0,0,1,1,0
2015,4,1,1,1,0
2015,0,0,1,1,0
2015,0,0,0,1,0
2015,4,1,0,1,0
2015,0,0,1,1,0
2015,0,0,1,1,0
2015,0,0,1,1,0
2015,0,0,0,1,0
2015,0,1,1,1,0
2015,0,1,0,1,0
2015,0,0,0,1,0
2015,0,2,0,1,0
2015,0,0,0,1,0
2015,0,1,0,2,0
2015,0,0,1,1,0
2015,2,0,0,2,0
2015,0,1,0,1,0
2015,4,1,3,1,0
2015,0,0,0,1,0
2015,0,0,0,2,0
2015,0,0,1,1,0
2015,0,0,5,2,0
2015,0,0,5,1,0
2015,0,0,2,1,0
2015,0,0,2,1,0
2015,0,0,0,1,0
2015,0,0,1,1,0
2015,0,0,3,1,0
2015,0,0,2,1,0
2015,0,0,2,1,0
2015,0,0,0,1,0
2015,0,0,0,1,0
2015,0,0,0,1,0
2015,0,2,0,1,0
2015,2,0,0,2,0
2015,0,0,0,1,0
2015,0,0,0,1,0
2015,0,0,0,2,0
2015,0,0,0,1,0
2015,0,1,0,1,0
2015,0,0,0,1,0
2015,0,0,0,1,0
2015,0,0,2,1,0
2015,0,0,0,1,0
2015,0,0,0,1,0
2015,0,0,2,1,0
2015,0,0,0,1,0
2015,0,0,0,1,0
2015,0,2,2,1,0
2015,1,3,0,1,0
2015,0,2,1,1,0
2015,0,0,1,1,0
2015,0,2,1,1,0
2015,0,2,1,1,0
2015,0,2,1,1,0
2015,0,2,1,1,0
2015,0,3,1,1,0
2015,0,0,0,1,0
2015,0,1,0,1,0
2015,0,2,1,1,0
2015,0,0,0,1,0
2015,0,0,1,1,0
2015,2,0,2,1,0
2015,0,0,0,1,0
2015,0,0,0,1,0
2015,0,0,1,1,0
2015,0,0,0,1,0
2015,0,0,1,1,0
2015,0,0,1,1,0
2015,0,2,0,1,0
2015,0,0,2,1,0
2015,0,2,0,1,0
2015,0,1,2,1,0
2015,0,0,2,1,0
2015,0,2,1,1,0
2015,0,3,0,1,0
2015,0,2,2,1,0
2015,0,0,0,1,0
2015,0,2,0,1,0
2015,0,1,2,1,0
2015,0,2,0,1,0
2015,0,2,1,1,0
2015,0,0,2,1,0
2015,0,0,2,1,0
2015,0,0,0,1,0
2015,0,0,0,1,0
2015,0,0,0,1,0
2015,0,1,0,1,0
2015,0,0,0,1,0
2015,0,2,0,1,0
2015,0,0,0,1,0
2015,0,2,0,1,0
2015,0,2,0,2,0
2015,0,0,0,1,0
2015,0,2,5,1,0
2015,0,0,1,1,0
2015,0,2,0,1,0
2015,0,0,0,1,0
2015,0,0,1,1,0
2015,0,0,0,1,0
2015,4,0,1,1,0
2015,0,0,0,1,0
2015,0,0,0,1,0
2015,0,0,0,1,0
2015,0,0,1,1,0
2015,0,0,0,1,0
2015,0,0,0,1,0
2015,0,0,2,1,0
2015,0,2,0,1,0
2015,0,0,1,1,0
2015,0,0,1,1,0
2015,0,0,1,1,0
2015,0,2,0,1,0
2015,0,0,1,1,0
2015,0,0,0,1,0
2015,0,0,0,1,0
2015,0,0,1,1,0
2015,0,0,1,1,0
2015,0,0,2,1,0
2015,0,0,1,2,0
2015,1,0,2,1,0
2015,0,0,0,1,0
2015,0,0,1,1,0
2015,0,2,0,1,0
2015,0,0,2,1,0
2015,0,0,0,1,0
2015,2,0,0,1,0
2015,2,0,0,2,0
2015,2,0,2,1,0
2015,0,0,1,1,0
2015,0,0,1,1,0
2015,0,0,2,1,0
2015,0,0,2,1,0
2015,0,1,0,1,0
2015,1,2,2,1,0
2015,0,0,0,1,0
2015,0,0,0,1,0
2015,0,0,1,1,0
2015,0,0,0,1,0
2015,1,0,0,1,0
2015,0,2,0,1,0
2015,0,2,1,1,0
2015,0,0,1,1,0
2015,0,0,0,1,0
2015,4,2,2,1,0
2015,1,0,0,1,0
2015,0,0,1,1,0
2015,0,0,1,1,0
2015,0,0,1,1,0
2015,0,0,1,1,0
2015,0,0,2,1,0
2015,0,1,0,1,0
2015,0,0,2,1,0
2015,0,0,0,2,0
2015,0,0,1,1,0
2015,0,0,2,1,0
2015,0,0,0,1,0
2015,4,1,0,1,0
2015,2,0,2,1,0
2015,0,0,1,1,0
2015,0,0,1,1,0
2015,0,2,0,2,0
2015,0,0,1,1,0
2015,0,0,0,1,0
2015,0,0,3,1,0
2015,0,0,1,1,0
2015,0,0,2,1,0
2015,0,0,2,1,0
2015,0,0,0,1,0
2015,0,0,0,1,0
2015,0,0,0,1,0
2015,0,0,2,1,0
2015,0,1,0,1,0
2015,0,0,0,1,0
2015,0,0,0,1,0
2015,0,0,1,1,0
2015,0,1,0,1,0
2015,0,2,0,1,0
2015,0,0,2,1,0
2015,0,0,0,1,0
2015,0,0,2,1,0
2015,0,0,0,1,0
2015,0,0,1,1,0
2015,0,0,4,1,0
2015,0,2,0,1,0
2015,0,0,2,1,0
2015,0,0,1,1,0
2015,0,2,2,2,0
2015,0,0,2,1,0
2015,0,0,2,1,0
2015,0,0,1,1,0
2015,2,0,0,2,0
2015,2,0,0,2,0
2015,0,0,1,1,0
2015,0,0,0,1,0
2015,0,1,1,1,0
2015,0,0,0,1,0
2015,0,1,0,1,0
2015,0,0,1,1,0
2015,0,0,0,1,0
2015,0,0,1,1,0
2015,0,0,0,1,0
2015,0,0,1,1,0
2015,0,0,1,1,0
2015,0,0,0,1,0
2015,0,1,0,1,0
2015,0,0,5,1,0
2015,0,0,2,1,0
2015,0,1,2,1,0
2015,0,0,0,1,0
2015,0,0,0,2,0
2015,0,0,0,1,0
2015,0,0,0,1,0
2015,0,0,0,1,0
2015,0,2,0,1,0
2015,4,1,4,1,0
2015,0,2,0,1,0
2015,0,0,0,1,0
2015,0,0,0,1,0
2015,0,3,0,1,0
2015,0,2,1,1,0
2015,0,0,0,1,0
2015,4,3,4,1,0
2015,0,2,1,1,0
2015,0,0,2,1,0
2015,0,1,2,1,0
2015,0,2,0,1,0
2015,0,2,1,1,0
2015,0,0,0,1,0
2015,2,0,2,1,0
2015,2,2,1,1,0
2015,0,0,0,1,0
2015,0,0,1,1,0
2015,0,1,0,1,0
2015,0,0,0,1,0
2015,0,2,0,1,0
2015,0,0,0,1,0
2015,0,0,0,1,0
2015,0,0,1,1,0
2015,0,2,3,1,0
2015,0,0,2,1,0
2015,0,1,1,1,0
2015,0,0,0,1,0
2015,0,0,3,1,1
2015,1,2,0,1,1
2015,0,0,4,1,1
2015,0,0,2,1,1
2015,5,0,1,1,0
2015,0,0,0,1,0
2015,4,0,2,1,0
2015,4,,0,1,0
2015,0,0,1,1,0
2015,0,0,1,2,0
2015,0,1,1,1,0
2015,1,3,2,1,0
2015,0,0,2,1,0
2015,4,3,0,1,0
2015,1,0,0,1,0
2015,0,0,0,1,0
2015,0,2,0,1,0
2015,0,0,0,1,0
2015,0,0,2,1,0
2015,0,0,0,1,0
2015,5,0,0,1,0
2015,0,0,1,1,0
2015,1,0,1,1,0
2015,1,0,0,1,0
2015,0,0,0,1,0
2015,0,0,2,1,0
2015,0,0,0,1,0
2015,0,0,1,1,0
2015,0,0,2,1,0
2015,0,2,0,1,0
2015,0,0,1,1,0
2015,0,1,2,1,0
2015,0,1,0,1,0
2015,0,0,1,1,0
2015,0,2,0,1,0
2015,0,1,0,1,0
2015,0,1,0,1,0
2015,0,2,1,1,0
2015,0,2,2,1,0
2015,0,2,0,1,0
2015,0,2,0,1,0
2015,0,2,0,1,0
2015,0,2,0,1,0
2015,0,3,0,1,0
2015,0,2,0,1,0
2015,0,2,1,1,0
2015,0,0,0,1,0
2015,0,0,0,1,0
2015,0,0,0,1,0
2015,0,0,0,1,0
2015,1,3,0,1,0
2015,0,0,0,1,0
2015,0,0,2,1,0
2015,0,2,1,1,0
2015,0,2,0,1,0
2015,0,0,1,1,0
2015,0,2,2,1,0
2015,1,0,0,1,0
2015,0,3,1,1,0
2015,0,0,2,1,0
2015,0,2,2,1,0
2015,0,2,0,1,0
2015,2,0,0,1,0
2015,2,0,0,1,0
2015,2,0,0,2,0
2015,0,2,1,1,0
2015,0,2,0,1,0
2015,0,2,0,1,0
2015,1,2,2,1,0
2015,0,2,0,1,0
2015,0,2,1,1,0
2015,0,2,2,1,0
2015,0,0,1,1,0
2015,0,2,0,1,0
2015,0,0,1,1,0
2015,0,0,1,1,0
2015,0,2,0,1,0
2015,0,2,0,1,0
2015,0,2,0,1,0
2015,0,2,0,1,0
2015,0,2,1,1,0
2015,0,2,2,1,0
2015,0,1,0,1,0
2015,0,2,1,1,0
2015,0,2,1,1,0
2015,0,2,1,1,0
2015,0,2,1,1,0
2015,0,1,0,1,0
2015,0,0,2,1,0
2015,0,0,1,1,0
2015,0,0,2,1,0
2015,1,0,1,1,0
2015,6,2,0,1,0
2015,0,0,0,1,0
2015,0,1,0,1,0
2015,0,2,1,1,0
2015,0,0,1,1,0
2015,0,0,0,1,0
2015,0,1,2,1,0
2015,0,0,1,1,0
2015,2,3,0,2,0
2015,2,3,0,2,0
2015,0,2,1,1,0
2015,0,2,0,1,0
2015,0,2,0,1,0
2015,0,1,0,1,0
2015,4,2,0,1,0
2015,0,0,0,1,0
2015,0,0,2,1,0
2015,0,0,2,1,0
2015,4,0,3,1,0
2015,0,0,0,1,0
2015,0,0,0,1,0
2015,0,0,2,1,0
2015,0,3,2,1,0
2015,0,1,0,1,0
2015,1,2,2,1,0
2015,0,2,1,1,0
2015,0,0,0,1,0
2015,0,0,0,1,0
2015,0,0,0,1,0
2015,0,0,1,1,0
2015,0,0,0,1,0
2015,0,0,1,1,0
2015,0,0,1,1,0
2015,6,2,1,1,0
2015,1,2,0,2,0
2015,0,1,0,1,0
2015,0,2,0,1,0
2015,0,0,0,1,0
2015,0,2,0,1,0
2015,0,0,1,1,0
2015,0,0,0,1,0
2015,0,1,0,2,0
2015,0,1,0,1,0
2015,1,2,0,1,0
2015,0,0,1,1,0
2015,2,0,0,1,0
2015,0,0,1,1,0
2015,0,0,2,1,0
2015,0,2,2,1,0
2015,0,1,0,1,0
2015,0,0,0,1,0
2015,0,0,0,1,0
2015,0,0,2,1,0
2015,0,0,0,1,0
2015,4,2,2,1,0
2015,0,0,3,1,0
2015,0,0,1,1,0
2015,4,2,0,1,0
2015,0,0,0,1,0
2015,0,1,0,1,0
2015,0,0,2,1,0
2015,0,0,0,1,0
2015,2,0,0,1,0
2015,0,0,1,1,0
2015,0,0,1,1,0
2015,0,1,0,1,0
2015,0,0,2,1,0
2015,0,0,0,1,0
2015,0,2,2,1,0
2015,0,0,1,1,0
2015,0,0,5,1,0
2015,0,0,0,1,0
2015,0,1,1,1,0
2015,0,2,0,1,0
2015,0,0,1,1,0
2015,0,0,0,1,0
2015,2,0,0,1,0
2015,0,0,0,1,0
2015,0,0,2,1,0
2015,0,0,0,1,0
2015,0,1,4,1,0
2015,0,0,2,1,0
2015,0,2,0,1,0
2015,0,0,0,1,0
2015,1,3,1,1,0
2015,0,2,0,1,0
2015,0,0,0,1,0
2015,4,0,1,1,0
2015,0,0,1,1,0
2015,0,0,1,1,0
2015,0,2,0,1,0
2015,0,0,0,1,0
2015,0,1,0,1,0
2015,2,0,0,1,0
2015,2,0,0,2,0
2015,0,0,0,1,0
2015,0,1,0,1,0
2015,0,3,0,1,0
2015,4,0,1,1,0
2015,0,0,1,1,0
2015,0,0,0,1,0
2015,0,0,2,1,0
2015,0,0,0,1,0
2015,0,2,2,1,0
2015,0,2,0,1,0
2015,0,2,0,1,0
2015,0,0,0,1,0
2015,0,0,1,1,0
2015,0,2,0,1,0
2015,0,0,2,1,0
2015,0,0,0,1,0
2015,0,2,0,1,0
2015,2,0,0,1,0
2015,0,0,0,1,0
2015,0,0,2,1,0
2015,0,0,1,1,0
2015,0,0,1,1,0
2015,0,0,0,1,0
2015,1,1,1,1,0
2015,0,3,2,1,0
2015,0,0,2,1,0
2015,0,0,2,1,0
2015,0,3,0,1,0
2015,0,0,0,1,0
2015,0,3,1,1,0
2015,0,0,3,1,0
2015,4,0,2,1,0
2015,0,0,2,1,0
2015,0,0,0,1,0
2015,5,3,0,1,0
2015,0,0,0,1,0
2015,0,0,0,1,0
2015,1,3,0,1,0
2015,2,0,0,1,0
2015,0,3,0,1,0
2015,0,0,0,1,0
2015,0,0,0,1,0
2015,0,0,2,1,0
2015,0,0,1,1,0
2015,0,0,0,1,0
2015,0,2,1,1,0
2015,2,0,1,1,0
2015,2,0,1,2,0
2015,0,2,0,1,0
2015,0,1,0,1,0
2015,0,0,0,1,0
2015,0,2,1,1,0
2015,0,2,0,1,0
2015,0,2,0,1,0
2015,0,0,0,1,0
2015,2,1,0,1,0
2015,0,3,0,1,0
2015,0,2,2,1,0
2015,4,0,2,1,0
2015,1,3,1,1,0
2015,0,0,1,1,0
2015,0,0,1,1,0
2015,0,0,2,1,0
2015,0,1,2,1,0
2015,1,2,1,1,0
2015,0,2,0,1,0
2015,0,0,0,2,0
2015,0,2,0,1,0
2015,0,0,0,2,0
2015,0,0,0,1,0
2015,4,3,1,1,0
2015,0,0,4,1,0
2015,0,0,1,1,0
2015,0,0,2,1,0
2015,0,0,2,1,0
2015,0,1,0,1,0
2015,0,0,1,2,0
2015,2,0,1,1,0
2015,0,0,0,2,0
2015,0,3,1,1,0
2015,0,0,0,1,0
2015,2,0,0,1,0
2015,0,0,0,2,0
2015,0,2,1,1,0
2015,0,1,2,1,0
2015,0,1,2,1,0
2015,0,0,1,1,0
2015,0,1,1,1,0
2015,0,2,1,1,0
2015,0,0,0,1,0
2015,0,0,0,1,0
2015,0,0,0,1,0
2015,0,1,0,1,0
2015,0,2,0,1,0
2015,0,1,2,1,0
2015,0,1,0,1,0
2015,1,3,2,1,0
2015,1,0,1,1,0
2015,0,1,0,1,0
2015,0,0,2,1,0
2015,0,0,2,1,0
2015,0,0,1,1,0
2015,0,3,0,1,0
2015,0,2,0,1,0
2015,0,0,0,2,0
2015,2,0,0,1,0
2015,0,0,2,1,0
2015,0,0,1,1,0
2015,0,1,2,1,0
2015,0,2,2,1,0
2015,0,2,0,1,0
2015,0,0,2,1,0
2015,0,0,2,1,0
2015,2,2,1,1,0
2015,0,1,2,1,0
2015,0,2,1,1,0
2015,2,2,1,1,0
2015,0,3,0,1,0
2015,0,1,0,1,0
2015,1,2,1,1,0
2015,0,0,2,1,0
2015,0,0,0,1,0
2015,0,2,0,1,0
2015,0,0,0,1,0
2015,1,2,0,1,0
2015,0,0,1,1,0
2015,0,2,0,1,0
2015,0,0,1,1,0
2015,0,3,0,1,0
2015,0,3,5,1,0
2015,0,1,0,1,0
2015,0,1,0,1,0
2015,1,3,0,1,0
2015,0,0,1,1,0
2015,0,0,0,1,0
2015,0,2,0,1,0
2015,0,2,1,1,0
2015,0,1,0,2,0
2015,2,2,0,2,0
2015,2,2,0,1,0
2015,4,0,0,1,0
2015,0,1,1,1,0
2015,0,2,0,1,0
2015,0,0,0,1,0
2015,0,0,0,1,0
2015,0,1,2,1,0
2015,0,0,0,1,0
2015,0,3,1,1,0
2015,0,0,1,1,0
2015,0,0,0,2,0
2015,0,0,0,1,0
2015,0,0,1,1,0
2015,0,0,1,1,0
2015,0,0,0,1,0
2015,4,2,1,1,0
2015,0,1,3,1,0
2015,0,0,1,1,0
2015,0,0,0,1,0
2015,0,3,0,1,0
2015,0,1,0,1,0
2015,0,0,0,1,0
2015,0,0,0,1,0
2015,0,0,0,1,0
2015,0,0,0,1,0
2015,0,0,0,1,0
2015,0,0,0,1,0
2015,0,0,2,1,0
2015,0,0,0,1,0
2015,0,0,2,1,0
2015,0,0,0,1,0
2015,0,1,0,1,0
2015,0,1,0,1,0
2015,5,1,2,1,0
2015,2,0,0,1,0
2015,0,,0,1,0
2015,0,0,1,1,0
2015,0,0,2,1,0
2015,0,2,1,1,0
2015,0,1,0,1,0
2015,0,0,1,1,0
2015,0,0,1,1,0
2015,1,0,0,1,0
2015,2,2,0,1,0
2015,2,2,0,1,0
2015,0,1,0,1,0
2015,0,0,1,1,0
2015,0,2,0,1,0
2015,2,0,0,1,0
2015,0,0,0,2,0
2015,0,0,1,1,0
2015,2,,1,1,0
2015,2,,1,2,0
2015,0,,0,1,0
2015,0,0,1,1,0
2015,0,1,0,1,0
2015,0,,3,1,0
2015,0,,0,1,0
2015,2,0,1,1,0
2015,0,0,5,1,0
2015,0,0,0,1,0
2015,0,0,1,1,0
2015,0,0,0,1,0
2015,0,2,0,1,0
2015,0,2,0,1,0
2015,2,0,4,1,0
2015,0,,1,2,0
2015,0,1,0,1,0
2015,0,0,0,1,0
2015,0,0,2,1,0
2015,0,0,2,1,0
2015,0,1,1,1,0
2015,0,0,0,1,0
2015,0,0,1,1,0
2015,0,0,0,1,0
2015,2,0,1,1,0
2015,0,0,1,1,0
2015,0,,0,1,0
2015,0,,0,1,0
2015,0,1,1,1,0
2015,0,2,0,1,0
2015,0,0,0,1,0
2015,0,0,0,1,0
2015,0,0,1,1,0
2015,0,0,0,1,0
2015,0,1,0,1,0
2015,0,0,2,1,0
2015,0,0,2,1,0
2015,1,0,1,1,0
2015,0,1,2,1,0
2015,0,3,0,1,0
2015,0,0,3,1,0
2015,1,3,0,1,0
2015,0,0,1,1,0
2015,0,2,2,1,0
2015,0,1,2,1,0
2015,5,1,0,1,0
2015,0,0,2,1,0
2015,1,3,1,1,0
2015,0,0,0,1,0
2015,0,0,0,1,0
2015,4,3,1,1,0
2015,0,0,2,1,0
2015,0,0,1,1,0
2015,0,1,1,1,0
2015,0,0,2,1,0
2015,1,0,0,1,0
2015,1,3,1,1,0
2015,0,1,0,1,0
2015,0,0,1,1,0
2015,0,0,1,1,0
2015,0,0,2,1,0
2015,3,3,0,1,0
2015,0,0,0,1,0
2015,0,0,1,1,0
2015,0,2,0,1,0
2015,0,0,2,1,0
2015,0,0,2,1,0
2015,4,0,1,1,0
2015,0,2,0,1,0
2015,0,0,1,1,0
2015,0,1,0,1,0
2015,0,0,2,1,0
2015,0,0,0,1,0
2015,0,0,1,1,0
2015,1,2,0,1,0
2015,0,0,2,1,0
2015,0,0,1,1,0
2015,0,1,0,1,0
2015,0,0,0,1,0
2015,0,2,1,1,0
2015,0,,0,1,0
2015,0,2,0,1,0
2015,0,0,1,1,0
2015,0,0,0,1,0
2015,0,,1,1,0
2015,0,,1,1,0
2015,0,0,0,1,0
2015,1,0,0,1,0
2015,0,0,0,1,0
2015,0,0,1,1,0
2015,0,,0,1,0
2015,1,1,1,1,0
2015,0,0,1,1,0
2015,0,0,1,1,0
2015,2,2,1,1,0
2015,5,2,1,1,0
2015,0,2,1,1,0
2015,0,0,0,1,0
2015,0,1,2,1,0
2015,0,2,0,1,0
2015,0,2,0,1,0
2015,0,1,0,1,0
2015,0,2,1,3,0
2015,1,,1,1,0
2015,0,,1,2,0
2015,0,,0,1,0
2015,0,2,2,1,0
2015,0,2,1,1,0
2015,0,2,1,1,0
2015,0,1,0,1,0
2015,0,2,0,2,0
2015,0,1,2,1,0
2015,1,0,0,1,0
2015,0,2,2,1,0
2015,0,2,0,1,0
2015,1,2,0,1,0
2015,0,2,1,1,0
2015,0,2,0,1,0
2015,0,2,1,1,0
2015,4,3,0,1,0
2015,0,2,1,1,0
2015,0,2,0,1,0
2015,2,2,0,1,0
2015,0,2,0,1,0
2015,2,2,0,1,0
2015,0,1,0,1,0
2015,0,1,0,1,0
2015,0,2,0,1,0
2015,2,0,1,1,0
2015,0,2,0,1,0
2015,0,1,0,1,0
2015,0,1,0,1,0
2015,0,2,1,1,0
2015,0,1,0,1,0
2015,0,2,1,1,0
2015,0,2,4,1,0
2015,0,2,0,1,0
2015,0,0,0,2,0
2015,1,3,1,1,0
2015,0,2,2,1,0
2015,0,1,0,1,0
2015,0,2,0,1,0
2015,0,2,0,1,0
2015,4,3,3,1,0
2015,0,1,0,1,0
2015,2,0,2,1,0
2015,0,2,0,1,0
2015,0,2,2,1,0
2015,0,1,0,1,0
2015,0,2,2,1,0
2015,0,1,0,1,0
2015,0,3,0,1,0
2015,0,2,2,1,0
2015,0,1,2,1,0
2015,0,2,1,1,0
2015,0,3,0,1,0
2015,1,1,1,1,0
2015,0,0,1,1,0
2015,0,1,2,1,0
2015,0,1,1,1,0
2015,0,0,1,1,0
2015,2,0,3,2,0
2015,0,0,0,1,0
2015,0,3,0,1,0
2015,0,1,1,2,0
2015,0,0,0,1,0
2015,0,0,2,1,0
2015,0,2,0,1,0
2015,2,0,1,1,0
2015,0,0,1,1,0
2015,0,2,1,1,0
2015,2,0,1,1,0
2015,0,0,1,1,0
2015,0,2,0,1,0
2015,0,2,1,1,0
2015,0,0,2,1,0
2015,0,0,0,1,0
2015,0,0,1,1,0
2015,0,1,1,1,0
2015,1,1,1,1,0
2015,2,0,1,1,0
2015,1,1,1,1,0
2015,0,0,0,1,0
2015,0,0,1,1,0
2015,0,0,1,1,0
2015,0,0,0,1,0
2015,0,0,0,2,0
2015,0,0,1,1,0
2015,0,0,2,1,0
2015,0,0,2,1,0
2015,0,0,0,1,0
2015,0,0,0,2,0
2015,0,0,0,1,0
2015,0,2,0,1,0
2015,0,0,1,1,0
2015,0,1,2,1,0
2015,0,0,1,1,0
2015,0,0,0,1,0
2015,0,0,0,1,0
2015,0,0,0,1,0
2015,1,0,1,1,0
2015,0,2,0,1,0
2015,0,0,0,1,0
2015,0,2,2,1,0
2015,0,1,1,1,0
2015,1,,0,1,0
2015,1,0,1,1,0
2015,0,0,1,1,0
2015,0,0,1,1,0
2015,0,2,1,2,0
2015,0,2,0,1,0
2015,0,0,0,1,0
2015,0,2,0,2,0
2015,0,0,0,1,0
2015,0,0,2,1,0
2015,0,0,0,1,0
2015,0,0,0,1,0
2015,0,0,0,1,0
2015,0,1,1,1,0
2015,0,0,0,1,0
2015,4,0,0,1,0
2015,0,0,0,1,0
2015,0,0,0,1,0
2015,0,1,2,1,0
2015,0,2,0,1,0
2015,0,0,1,1,0
2015,0,1,2,1,0
2015,0,2,0,1,0
2015,0,2,1,1,0
2015,0,1,0,1,0
2015,0,0,1,1,0
2015,0,2,0,1,0
2015,0,3,0,1,0
2015,0,0,2,1,0
2015,0,0,1,1,0
2015,0,0,1,1,0
2015,0,0,1,1,0
2015,0,0,0,1,0
2015,0,0,2,1,0
2015,0,0,1,1,0
2015,0,0,2,1,0
2015,0,0,1,1,0
2015,0,0,1,2,0
2015,1,1,2,1,0
2015,0,2,1,1,0
2015,0,2,0,1,0
2015,0,0,0,1,0
2015,0,0,3,1,0
2015,0,0,2,1,0
2015,0,0,1,1,0
2015,0,0,0,1,0
2015,0,1,0,1,0
2015,0,0,0,1,0
2015,0,0,0,1,0
2015,2,3,0,2,0
2015,0,3,3,1,0
2015,0,0,0,1,0
2015,0,0,0,1,0
2015,0,0,2,1,0
2015,0,0,1,1,0
2015,0,2,0,2,0
2015,0,2,0,1,0
2015,0,2,2,2,0
2015,0,1,2,1,0
2015,0,0,0,1,0
2015,0,0,2,1,0
2015,0,0,2,1,0
2015,0,0,1,1,0
2015,0,0,0,1,0
2015,0,2,2,1,0
2015,0,1,0,1,0
2015,0,0,0,2,0
2015,0,0,0,1,0
2015,0,0,1,1,0
2015,0,0,0,1,0
2015,0,0,2,1,0
2015,0,2,0,1,0
2015,0,2,0,1,0
2015,0,0,0,1,0
2015,0,2,2,1,0
2015,0,0,1,1,0
2015,0,0,1,1,0
2015,0,0,1,1,0
2015,1,0,3,1,0
2015,0,0,2,1,0
2015,0,0,0,1,0
2015,0,2,1,1,0
2015,0,0,1,1,0
2015,0,0,1,1,0
2015,0,3,2,1,0
2015,2,0,0,1,0
2015,0,0,0,2,0
2015,0,1,0,1,0
2015,0,2,1,1,0
2015,2,0,0,1,0
2015,0,1,1,1,0
2015,0,0,0,1,0
2015,0,2,0,1,0
2015,0,2,0,1,0
2015,0,1,0,1,0
2015,0,0,0,1,0
2015,0,0,2,1,0
2015,0,0,0,1,0
2015,6,2,1,1,0
2015,0,1,0,1,0
2015,0,0,2,1,0
2015,0,2,0,1,0
2015,0,0,1,1,0
2015,0,0,0,1,0
2015,0,1,0,1,0
2015,0,2,0,1,0
2015,1,2,1,1,0
2015,0,0,1,1,0
2015,0,2,1,1,0
2015,0,0,1,1,0
2015,0,0,0,1,0
2015,1,3,1,1,0
2015,0,3,0,1,0
2015,0,0,1,1,0
2015,0,3,0,1,0
2015,0,0,0,2,0
2015,0,0,2,1,0
2015,0,2,0,1,0
2015,0,0,0,1,0
2015,0,0,2,1,0
2015,0,0,2,1,0
2015,2,0,0,1,0
2015,0,1,3,1,0
2015,5,0,1,1,0
2015,2,3,0,1,0
2015,1,3,2,1,0
2014,0,0,0,1,0
2014,0,0,0,1,0
2014,0,0,2,2,0
2014,0,0,1,1,0
2014,0,0,0,1,0
2014,0,0,1,1,0
2014,0,1,0,1,0
2014,0,1,0,1,0
2014,0,0,1,1,0
2014,0,0,0,1,0
2014,2,0,0,1,0
2014,0,0,1,1,0
2014,0,0,1,1,0
2014,0,0,0,1,0
2014,0,2,1,1,0
2014,0,0,3,1,1
2014,1,0,2,1,1
2014,0,0,0,1,1
2014,0,0,1,1,1
2014,0,0,2,1,1
2014,0,1,0,1,1
2014,0,0,0,1,1
2014,2,0,0,1,1
2014,2,0,0,1,1
2014,0,3,0,1,1
2014,0,0,4,1,1
2014,0,1,0,1,1
2014,0,1,0,1,1
2014,0,0,0,1,1
2014,0,,1,1,1
2014,0,2,4,1,1
2014,0,2,0,1,1
2014,0,0,0,1,1
2014,2,0,0,1,1
2014,2,0,0,2,1
2014,0,2,2,1,1
2014,0,0,0,1,1
2014,0,0,2,1,1
2014,0,0,0,1,1
2014,0,1,0,1,1
2014,0,2,0,1,1
2014,0,0,1,1,1
2014,0,0,1,1,1
2014,0,0,1,1,1
2014,0,0,1,1,1
2014,0,0,2,1,1
2014,0,1,2,1,1
2014,2,0,1,2,1
2014,0,0,1,1,1
2014,0,2,0,1,1
2014,2,0,1,1,1
2014,0,0,1,1,1
2014,2,0,0,2,1
2014,2,0,0,1,1
2014,2,0,0,1,1
2014,0,1,0,1,1
2014,0,0,0,1,1
2014,0,0,1,1,1
2014,0,1,1,1,1
2014,0,2,0,1,1
2014,0,0,1,1,1
2014,0,0,2,1,1
2014,0,0,1,1,1
2014,0,2,0,1,1
2014,0,0,2,2,1
2014,0,0,0,1,1
2014,2,0,2,1,1
2014,0,0,0,1,1
2014,0,0,0,1,1
2014,0,0,0,2,1
2014,0,2,0,1,1
2014,3,3,1,1,1
2014,0,0,1,1,1
2014,1,2,1,1,1
2014,0,0,1,1,1
2014,0,0,1,1,1
2014,0,1,0,1,1
2014,0,1,2,1,1
2014,1,1,0,1,1
2014,0,2,0,1,1
2014,0,1,2,1,1
2014,0,2,0,1,1
2014,0,0,0,1,1
2014,0,0,4,1,1
2014,0,0,2,1,1
2014,1,2,0,1,1
2014,0,2,0,1,1
2014,0,0,0,1,1
2014,0,2,0,1,1
2014,1,3,1,1,1
2014,0,0,0,1,1
2014,0,0,0,1,1
2014,0,0,1,1,1
2014,0,0,1,1,1
2014,0,0,0,1,1
2014,0,0,2,1,1
2014,0,2,0,1,1
2014,0,0,1,1,1
2014,0,0,0,2,1
2014,0,0,0,1,1
2014,0,0,2,1,1
2014,0,0,0,1,1
2014,1,2,0,2,1
2014,0,0,2,1,1
2014,0,1,0,2,1
2014,0,0,1,1,1
2014,0,2,0,1,1
2014,0,2,1,2,1
2014,0,0,0,1,1
2014,0,1,0,1,1
2014,0,0,2,1,1
2014,2,0,1,1,1
2014,0,1,0,1,1
2014,0,0,0,1,1
2014,0,0,1,1,1
2014,0,0,0,1,1
2014,0,0,0,2,1
2014,0,0,0,1,1
2014,0,0,2,1,1
2014,0,0,2,1,1
2014,0,0,2,1,1
2014,0,0,0,1,1
2014,0,0,3,1,1
2014,0,0,0,2,1
2014,0,0,2,1,1
2014,0,0,0,1,1
2014,1,1,1,2,1
2014,0,0,0,1,1
2014,0,0,1,1,1
2014,2,0,0,1,1
2014,0,0,0,1,1
2014,0,0,0,1,1
2014,0,0,3,1,1
2014,0,2,1,2,1
2014,0,0,0,1,1
2014,0,0,3,1,1
2014,0,1,2,1,1
2014,0,0,2,1,1
2014,0,2,2,1,1
2014,0,2,1,1,1
2014,0,0,0,1,1
2014,0,3,4,2,1
2014,0,1,0,1,1
2014,0,1,0,1,1
2014,0,2,1,1,1
2014,0,0,0,1,1
2014,0,0,0,1,1
2014,0,0,0,1,1
2014,0,0,1,1,1
2014,0,3,0,1,1
2014,0,0,1,1,1
2014,2,0,1,1,1
2014,1,1,1,1,1
2014,0,0,0,1,1
2014,0,0,0,1,1
2014,0,2,1,1,1
2014,2,0,2,1,1
2014,1,0,1,1,1
2014,2,0,2,1,1
2014,0,0,0,1,1
2014,2,0,0,2,1
2014,0,1,0,1,1
2014,2,0,1,1,1
2014,0,1,1,1,1
2014,0,0,2,1,1
2014,0,0,0,1,1
2014,0,0,0,1,1
2014,0,0,0,1,1
2014,2,0,1,1,1
2014,0,3,0,1,1
2014,0,0,2,1,1
2014,0,1,0,1,1
2014,2,0,0,1,1
2014,0,1,2,1,1
2014,0,0,0,1,1
2014,2,0,1,2,1
2014,0,0,0,1,1
2014,0,0,1,1,1
2014,2,0,2,1,1
2014,0,3,0,1,1
2014,0,0,2,1,1
2014,0,0,2,1,1
2014,0,0,0,1,1
2014,0,0,0,1,1
2014,0,2,0,1,1
2014,2,0,1,2,1
2014,0,0,1,1,1
2014,0,3,2,1,1
2014,0,0,2,1,1
2014,0,1,3,1,1
2014,0,0,2,1,1
2014,0,0,2,1,1
2014,0,0,1,1,1
2014,0,0,0,1,1
2014,0,2,0,1,1
2014,0,0,1,1,1
2014,0,2,0,1,1
2014,0,2,0,1,1
2014,0,0,0,1,1
2014,2,0,1,2,1
2014,1,0,1,1,1
2014,0,0,0,1,1
2014,0,0,2,1,1
2014,2,0,0,2,1
2014,2,0,0,1,1
2014,0,1,1,1,1
2014,0,0,0,1,1
2014,0,0,1,1,1
2014,0,0,1,1,1
2014,0,0,1,1,1
2014,0,0,0,1,1
2014,0,2,3,1,1
2014,0,0,1,1,1
2014,0,0,1,1,1
2014,0,0,1,1,1
2014,1,0,1,1,1
2014,0,0,2,1,1
2014,1,2,1,1,1
2014,0,2,2,1,1
2014,0,1,0,1,1
2014,0,0,2,1,1
2014,0,0,1,2,1
2014,0,1,0,1,1
2014,0,2,0,1,1
2014,0,0,0,1,1
2014,0,0,0,1,1
2014,0,0,1,1,1
2014,0,1,1,1,1
2014,0,2,2,1,1
2014,0,0,2,1,1
2014,0,0,2,1,1
2014,2,0,0,2,1
2014,1,0,1,1,1
2014,0,0,0,1,1
2014,1,3,1,1,1
2014,0,0,0,1,1
2014,0,0,0,1,1
2014,0,0,0,1,1
2014,0,0,2,1,1
2014,0,0,1,1,1
2014,0,0,0,1,1
2014,0,0,1,1,1
2014,0,3,0,1,1
2014,0,1,0,1,1
2014,0,0,0,1,1
2014,3,0,0,1,1
2014,0,1,2,1,0
2014,0,0,0,1,0
2014,0,0,0,1,0
2014,1,2,0,1,0
2014,0,0,0,1,0
2014,0,1,0,2,0
2014,0,0,3,1,0
2014,1,1,0,1,0
2014,6,2,2,1,0
2014,0,2,1,1,0
2014,0,0,1,1,0
2014,0,0,0,1,0
2014,0,0,0,1,0
2014,0,0,0,1,0
2014,0,0,2,1,0
2014,0,0,1,1,0
2014,0,0,0,1,0
2014,0,1,1,1,0
2014,0,0,1,1,0
2014,0,3,0,1,0
2014,2,0,2,1,0
2014,0,0,0,1,0
2014,0,0,0,1,0
2014,0,0,1,1,0
2014,0,1,0,1,0
2014,0,0,1,1,0
2014,0,0,0,1,0
2014,0,0,0,1,0
2014,0,0,0,1,0
2014,0,0,0,1,0
2014,0,0,1,1,0
2014,0,0,2,1,0
2014,0,0,0,1,0
2014,0,3,0,1,0
2014,0,3,0,1,0
2014,0,3,0,1,0
2014,0,2,0,1,0
2014,0,2,0,1,0
2014,2,0,0,1,0
2014,0,0,2,2,0
2014,0,2,0,1,0
2014,0,2,1,1,0
2014,0,2,0,1,0
2014,0,0,1,1,0
2014,0,3,0,1,0
2014,0,0,1,1,0
2014,0,0,0,1,0
2014,0,0,0,1,0
2014,0,0,0,1,0
2014,0,0,2,1,0
2014,0,0,1,1,0
2014,1,0,0,1,0
2014,0,1,0,1,0
2014,0,0,2,1,0
2014,0,0,0,1,0
2014,0,0,0,1,0
2014,0,0,2,1,0
2014,0,0,0,1,0
2014,0,0,4,1,0
2014,0,0,1,1,0
2014,0,2,1,1,0
2014,0,0,0,1,0
2014,0,2,0,1,0
2014,0,0,1,1,0
2014,0,0,1,1,0
2014,0,0,0,1,0
2014,0,0,2,1,0
2014,0,0,0,1,0
2014,1,0,0,1,0
2014,0,1,0,1,0
2014,0,0,2,1,0
2014,0,1,0,1,0
2014,0,0,1,1,0
2014,0,0,2,1,0
2014,2,0,1,1,0
2014,0,0,2,1,0
2014,0,0,1,2,0
2014,2,0,0,1,0
2014,7,0,0,1,0
2014,1,3,1,1,0
2014,0,0,2,1,0
2014,0,2,0,1,0
2014,0,2,0,1,0
2014,0,0,0,2,0
2014,0,0,2,2,0
2014,0,2,1,1,0
2014,0,0,1,1,0
2014,0,1,1,1,0
2014,0,1,0,1,0
2014,0,0,1,1,0
2014,0,0,0,1,0
2014,0,0,1,1,0
2014,1,0,1,1,0
2014,0,0,0,1,0
2014,0,1,0,1,0
2014,0,1,5,1,0
2014,0,1,0,2,0
2014,0,2,0,1,0
2014,0,1,1,2,0
2014,0,1,0,1,0
2014,0,0,1,1,0
2014,0,3,2,1,0
2014,0,0,2,1,0
2014,2,0,0,1,0
2014,0,1,2,1,0
2014,2,0,0,2,0
2014,0,2,2,1,0
2014,2,0,0,1,0
2014,0,1,0,1,0
2014,1,0,1,1,0
2014,0,0,2,1,0
2014,0,2,4,1,0
2014,0,1,0,1,0
2014,0,1,1,1,0
2014,0,2,1,1,0
2014,0,0,2,1,0
2014,0,0,1,1,0
2014,0,2,0,1,0
2014,0,2,0,2,0
2014,0,3,0,1,0
2014,2,0,2,1,0
2014,2,0,2,2,0
2014,2,0,2,1,0
2014,2,0,2,1,0
2014,2,0,2,1,0
2014,2,0,2,1,0
2014,0,0,1,1,0
2014,0,0,0,1,0
2014,0,0,0,1,0
2014,0,0,0,1,0
2014,0,1,0,1,0
2014,0,0,0,1,0
2014,1,0,2,1,0
2014,1,2,1,1,0
2014,0,0,2,1,0
2014,0,2,1,1,0
2014,0,0,1,1,0
2014,0,0,1,1,0
2014,0,0,2,1,0
2014,2,0,1,1,0
2014,0,0,0,1,0
2014,0,0,1,1,0
2014,0,0,3,1,0
2014,0,0,0,1,0
2014,0,0,0,1,0
2014,0,2,2,2,0
2014,5,1,1,1,0
2014,0,0,2,1,0
2014,0,0,2,1,0
2014,0,0,1,1,0
2014,0,0,0,1,0
2014,0,2,0,1,0
2014,0,0,0,1,0
2014,0,2,0,1,0
2014,0,2,0,1,0
2014,0,2,0,1,0
2014,0,0,1,1,0
2014,0,0,2,1,0
2014,4,1,0,1,0
2014,0,0,0,1,0
2014,0,0,0,1,0
2014,6,2,0,1,0
2014,1,1,0,1,0
2014,0,3,0,1,0
2014,0,0,2,1,0
2014,6,2,1,1,0
2014,2,0,0,1,0
2014,2,0,0,2,0
2014,2,0,1,1,0
2014,0,0,1,1,0
2014,2,0,0,1,0
2014,0,0,1,1,0
2014,0,0,1,1,0
2014,0,0,1,1,0
2014,0,0,0,1,0
2014,0,0,2,1,0
2014,2,0,0,1,0
2014,0,0,0,1,0
2014,1,0,2,1,0
2014,0,0,1,1,0
2014,0,0,0,2,0
2014,4,0,1,1,0
2014,0,0,0,1,0
2014,0,0,0,2,0
2014,0,0,2,1,0
2014,0,0,2,1,0
2014,2,0,0,1,0
2014,0,1,0,1,0
2014,0,3,0,1,0
2014,0,2,1,1,0
2014,0,0,0,1,0
2014,1,1,1,1,0
2014,0,0,1,1,0
2014,0,1,3,1,0
2014,0,1,0,1,0
2014,4,3,1,1,0
2014,2,0,0,1,0
2014,0,2,0,2,0
2014,0,0,0,1,0
2014,0,2,0,1,0
2014,0,0,4,1,0
2014,0,1,0,1,0
2014,0,0,2,1,0
2014,0,1,1,1,0
2014,0,0,0,1,0
2014,0,0,1,1,0
2014,0,0,0,1,0
2014,0,1,0,1,0
2014,0,2,1,1,0
2014,0,2,0,2,0
2014,4,0,2,1,0
2014,0,1,0,1,0
2014,0,0,1,1,0
2014,0,0,0,1,0
2014,2,0,0,2,0
2014,0,2,1,1,0
2014,0,0,2,1,0
2014,2,0,1,2,0
2014,0,0,2,1,0
2014,0,3,0,1,0
2014,0,0,1,1,0
2014,0,0,0,1,0
2014,0,0,2,1,0
2014,2,0,0,1,0
2014,2,0,1,1,0
2014,0,0,0,1,0
2014,4,2,0,1,0
2014,0,0,2,1,0
2014,0,0,1,1,0
2014,0,2,0,1,0
2014,0,0,0,1,0
2014,0,0,1,1,0
2014,0,2,0,1,0
2014,1,1,0,1,0
2014,0,0,1,1,0
2014,0,0,1,1,0
2014,0,0,0,1,0
2014,0,3,1,1,0
2014,0,0,1,1,0
2014,0,0,0,1,0
2014,0,0,0,1,0
2014,0,3,2,1,0
2014,0,0,3,1,0
2014,0,0,0,1,0
2014,0,0,0,1,0
2014,0,1,4,1,0
2014,0,2,1,1,0
2014,0,0,1,1,0
2014,0,0,0,1,0
2014,0,0,0,1,0
2014,0,0,1,1,0
2014,0,0,0,1,0
2014,0,0,0,1,0
2014,0,0,2,1,0
2014,0,0,1,1,0
2014,0,0,1,1,0
2014,0,3,0,1,0
2014,0,1,0,1,0
2014,0,1,0,1,0
2014,0,1,1,1,0
2014,0,0,0,1,0
2014,0,0,2,1,0
2014,0,0,1,1,0
2014,0,1,0,1,0
2014,0,1,0,1,0
2014,0,2,0,1,0
2014,0,0,0,1,0
2014,0,3,2,1,0
2014,0,2,0,1,0
2014,4,0,0,1,0
2014,0,1,0,1,0
2014,0,0,1,1,0
2014,3,0,1,1,0
2014,0,2,0,1,0
2014,0,0,1,1,0
2014,0,0,0,1,0
2014,0,0,0,1,0
2014,0,0,0,1,0
2014,0,1,2,1,0
2014,0,0,1,1,0
2014,0,0,1,1,0
2014,0,0,0,1,0
2014,0,1,1,1,0
2014,0,0,0,1,0
2014,0,1,0,1,0
2014,0,2,0,1,0
2014,0,0,0,1,0
2014,0,0,1,1,0
2014,0,0,1,1,0
2014,0,1,1,1,0
2014,0,2,0,1,0
2014,0,0,0,1,0
2014,0,0,0,1,0
2014,0,0,1,1,0
2014,0,1,2,2,0
2014,0,0,1,1,0
2014,0,0,0,1,0
2014,0,2,0,1,0
2014,2,0,1,1,0
2014,0,2,0,1,0
2014,0,0,2,1,0
2014,0,0,1,1,0
2014,0,0,1,1,0
2014,0,0,2,1,0
2014,0,2,0,1,0
2014,0,2,1,1,0
2014,0,0,0,1,0
2014,0,2,0,1,0
2014,0,1,0,1,0
2014,0,2,1,1,0
2014,0,3,1,1,0
2014,0,0,0,1,0
2014,0,0,1,1,0
2014,0,0,0,1,0
2014,0,0,1,1,0
2014,0,0,0,1,0
2014,0,0,2,1,0
2014,0,2,1,1,0
2014,0,0,1,1,0
2014,0,1,0,1,0
2014,0,2,1,1,0
2014,0,3,1,1,0
2014,0,0,0,1,0
2014,6,1,2,1,0
2014,0,0,2,1,0
2014,0,3,0,1,0
2014,4,0,1,1,0
2014,0,0,1,1,0
2014,0,1,0,1,0
2014,0,0,2,1,0
2014,0,0,0,1,0
2014,0,0,2,1,0
2014,0,3,2,1,0
2014,0,3,1,1,0
2014,0,0,0,1,0
2014,0,0,2,1,0
2014,0,0,0,2,0
2014,0,0,0,1,0
2014,0,0,2,1,0
2014,0,0,2,1,0
2014,0,2,0,1,0
2014,0,2,0,1,0
2014,0,0,0,1,0
2014,0,0,2,1,0
2014,0,2,0,2,0
2014,0,0,0,1,0
2014,2,2,1,1,0
2014,0,0,1,1,0
2014,0,0,0,1,0
2014,2,0,0,2,0
2014,0,0,1,1,0
2014,5,1,0,1,0
2014,5,0,1,1,0
2014,0,0,2,1,0
2014,2,0,1,1,0
2014,0,0,0,1,0
2014,0,3,2,1,0
2014,0,0,1,1,0
2014,0,2,0,2,0
2014,0,3,2,1,0
2014,0,1,2,1,0
2014,0,0,1,1,0
2014,0,0,2,1,0
2014,0,2,2,1,0
2014,0,2,2,1,0
2014,1,1,1,1,0
2014,1,0,1,1,0
2014,0,0,1,2,0
2014,0,0,0,1,0
2014,0,0,0,1,0
2014,5,0,1,1,0
2014,0,2,0,1,0
2014,0,1,2,1,0
2014,0,0,1,1,0
2014,4,3,1,1,0
2014,0,1,1,1,0
2014,0,0,1,1,0
2014,0,2,1,1,0
2014,0,1,0,1,0
2014,0,1,1,1,0
2014,0,1,0,1,0
2014,0,0,0,1,0
2014,0,2,0,1,0
2014,0,2,0,2,0
2014,0,0,2,1,0
2014,0,0,1,1,0
2014,0,0,0,1,0
2014,0,1,0,1,0
2014,0,0,0,1,0
2014,0,0,0,2,0
2014,0,0,1,1,0
2014,0,0,1,1,0
2014,0,1,2,1,0
2014,0,0,0,2,0
2014,6,0,1,1,0
2014,0,0,2,1,0
2014,1,0,1,1,0
2014,0,3,0,1,0
2014,0,0,0,1,0
2014,0,0,0,1,0
2014,0,0,0,2,0
2014,0,0,1,1,0
2014,0,0,3,1,0
2014,0,2,0,1,0
2014,0,1,0,1,0
2014,0,3,0,1,0
2014,0,0,0,1,0
2014,0,2,2,2,0
2014,2,0,0,1,0
2014,0,2,2,1,0
2014,0,0,2,1,0
2014,0,2,0,2,0
2014,0,0,1,1,0
2014,0,0,0,1,0
2014,5,2,0,1,0
2014,0,0,1,1,0
2014,0,0,0,1,0
2014,0,1,0,1,0
2014,0,0,0,1,0
2014,0,1,0,1,0
2014,0,2,3,1,0
2014,0,0,1,1,0
2014,1,0,2,1,0
2014,1,3,0,1,0
2014,0,0,2,1,0
2014,0,0,0,1,0
2014,0,2,2,1,0
2014,0,1,0,1,0
2014,0,0,0,1,0
2014,0,3,0,1,0
2014,0,0,0,1,0
2014,0,0,0,1,0
2014,0,0,1,1,0
2014,0,2,0,1,0
2014,1,0,1,1,0
2014,0,1,0,1,0
2014,0,0,0,1,0
2014,0,1,0,1,0
2014,6,2,1,1,0
2014,0,0,0,1,0
2014,0,0,1,1,0
2014,0,0,2,1,0
2014,0,2,1,1,0
2014,0,2,1,1,0
2014,0,0,0,1,0
2014,2,0,0,1,0
2014,0,0,1,1,0
2014,0,0,0,1,0
2014,0,0,0,1,0
2014,0,1,2,1,0
2014,0,0,0,1,0
2014,0,0,0,1,0
2014,4,3,1,1,0
2014,2,0,0,2,0
2014,5,3,1,1,0
2014,0,0,1,1,0
2014,0,0,0,1,0
2014,2,0,0,2,0
2014,2,0,0,1,0
2014,2,0,2,2,0
2014,2,0,0,2,0
2014,0,0,1,1,0
2014,0,0,1,1,0
2014,0,2,1,1,0
2014,0,2,1,1,0
2014,0,2,0,1,0
2014,0,0,0,1,0
2014,0,0,1,1,0
2014,0,3,0,1,0
2014,0,3,1,1,0
2014,0,0,1,1,0
2014,0,3,0,1,0
2014,0,1,0,1,0
2014,0,2,3,2,0
2014,0,0,0,1,0
2014,0,1,0,1,0
2014,0,3,0,1,0
2014,0,0,1,1,0
2014,0,0,1,1,0
2014,0,3,1,1,0
2014,5,3,0,1,0
2014,0,1,2,1,0
2014,0,0,0,1,0
2014,0,0,0,1,0
2014,0,2,2,1,0
2014,0,2,2,1,0
2014,0,3,0,1,0
2014,0,3,0,1,0
2014,0,1,3,1,0
2014,0,1,2,1,0
2014,0,1,0,1,0
2014,0,0,0,1,0
2014,0,0,1,1,0
2014,0,2,1,1,0
2014,0,1,1,1,0
2014,0,0,0,1,0
2014,0,0,0,1,0
2014,0,0,0,1,0
2014,2,0,1,1,0
2014,6,2,0,1,0
2014,0,1,0,1,0
2014,0,2,0,1,0
2014,0,0,0,1,0
2014,0,0,0,1,0
2014,0,0,2,1,0
2014,0,0,0,1,0
2014,0,1,0,1,0
2014,0,0,3,1,0
2014,0,2,1,1,0
2014,0,0,2,1,0
2014,0,1,0,1,0
2014,0,0,1,1,0
2014,0,1,0,1,0
2014,0,0,0,2,0
2014,0,1,0,1,0
2014,0,0,0,1,0
2014,0,0,1,1,0
2014,0,2,1,1,0
2014,0,3,0,1,0
2014,0,0,2,1,0
2014,0,0,2,1,0
2014,2,0,0,2,0
2014,0,3,0,1,0
2014,0,1,1,1,0
2014,4,1,2,1,0
2014,0,3,0,1,0
2014,0,2,0,1,0
2014,0,2,0,1,0
2014,0,2,4,1,0
2014,0,2,2,2,0
2014,4,3,0,1,0
2014,0,1,0,1,0
2014,0,0,1,1,0
2014,2,0,1,2,0
2014,0,0,1,1,0
2014,0,2,3,1,0
2014,0,1,0,1,0
2014,0,0,0,2,0
2014,0,1,0,1,0
2014,0,0,0,1,0
2014,0,0,0,1,0
2014,0,0,0,1,0
2014,0,0,1,1,0
2014,0,0,2,1,0
2014,0,0,2,1,0
2014,0,0,2,1,0
2014,0,2,2,1,0
2014,0,2,0,1,0
2014,0,0,1,1,0
2014,2,0,2,2,0
2014,0,0,1,1,0
2014,0,0,0,1,0
2014,0,0,1,2,0
2014,3,0,2,1,0
2014,0,2,0,1,0
2014,0,1,1,1,0
2014,0,0,0,1,0
2014,0,0,0,1,0
2014,0,0,2,1,0
2014,0,0,2,1,0
2014,0,0,1,1,0
2014,0,0,1,1,0
2014,0,0,0,1,0
2014,0,1,0,1,0
2014,0,0,0,1,0
2014,0,0,1,1,0
2014,0,3,2,1,0
2014,0,0,1,1,0
2014,0,0,0,1,0
2014,0,0,0,2,0
2014,0,0,0,1,0
2014,0,0,0,1,0
2014,0,1,1,1,0
2014,0,0,1,1,0
2014,1,0,1,1,0
2014,0,3,1,1,0
2014,0,2,1,1,0
2014,2,0,2,1,0
2014,2,0,2,1,0
2014,0,0,0,1,0
2014,0,1,0,1,0
2014,0,0,2,1,0
2014,0,1,2,1,0
2014,0,1,0,1,0
2014,0,0,2,1,0
2014,0,2,1,1,0
2014,0,1,0,1,0
2014,0,2,2,1,0
2014,0,0,1,1,0
2014,4,0,1,1,0
2014,6,0,1,1,0
2014,0,1,0,2,0
2014,0,0,2,1,0
2014,0,1,0,1,0
2014,0,2,1,1,0
2014,0,0,2,1,0
2014,0,1,0,1,0
2014,7,3,2,1,0
2014,0,0,0,1,0
2014,0,0,1,1,0
2014,0,2,1,1,0
2014,0,0,0,1,0
2014,0,1,3,1,0
2014,6,0,1,1,0
2014,0,0,0,1,0
2014,0,0,1,1,0
2014,0,0,0,1,0
2014,0,0,0,1,0
2014,0,0,0,1,0
2014,0,0,1,1,0
2014,0,0,1,1,0
2014,0,3,0,1,0
2014,0,2,0,1,0
2014,2,0,1,1,0
2014,0,2,0,1,0
2014,0,1,0,1,0
2014,0,0,1,1,0
2014,0,1,0,1,0
2014,0,0,0,2,0
2014,0,0,0,1,0
2014,0,0,0,2,0
2014,0,0,0,2,0
2014,0,0,1,1,0
2014,0,0,2,1,0
2014,0,2,0,1,0
2014,0,0,2,1,0
2014,0,0,1,1,0
2014,0,0,0,1,0
2014,0,0,1,1,0
2014,0,0,0,1,0
2014,0,0,0,1,0
2014,0,0,1,1,0
2014,2,0,0,1,0
2014,0,0,2,1,0
2014,6,0,0,1,0
2014,0,2,0,1,0
2014,0,0,0,1,0
2014,0,3,0,1,0
2014,0,1,0,1,0
2014,0,0,2,1,0
2014,0,1,0,1,0
2014,0,0,2,1,0
2014,0,0,0,1,0
2014,0,0,0,1,0
2014,6,2,1,1,0
2014,0,3,2,1,0
2014,0,3,0,1,0
2014,0,0,0,1,0
2014,0,0,0,2,0
2014,0,3,0,1,0
2014,0,0,0,1,0
2014,0,0,1,1,0
2014,0,0,0,1,0
2013,0,2,1,1,0
2013,0,0,1,1,0
2013,0,2,0,1,0
2013,0,0,1,1,0
2013,0,2,3,1,0
2013,0,0,1,1,0
2013,0,0,0,1,0
2013,0,0,1,1,0
2013,0,0,2,1,0
2013,0,1,0,1,0
2013,0,0,1,1,0
2013,0,0,0,1,0
2013,0,0,1,1,0
2013,0,0,0,1,0
2013,4,0,0,1,0
2013,0,3,2,1,0
2013,0,0,0,1,0
2013,0,1,0,1,0
2013,0,1,0,1,0
2013,0,1,4,1,0
2013,0,0,1,2,0
2013,0,2,1,1,0
2013,0,3,0,1,0
2013,2,0,1,1,0
2013,0,0,0,1,0
2013,2,0,0,1,0
2013,0,0,0,1,0
2013,2,0,2,2,0
2013,2,0,2,1,0
2013,2,2,1,2,0
2013,0,2,0,1,0
2013,0,3,0,1,0
2013,0,1,0,1,0
2013,0,2,1,1,0
2013,0,2,0,1,0
2013,0,3,0,1,0
2013,0,3,0,1,0
2013,4,0,0,1,0
2013,0,0,0,2,0
2013,0,3,0,1,0
2013,0,1,0,1,0
2013,0,2,1,1,0
2013,2,0,0,1,0
2013,0,0,2,1,0
2013,2,0,1,2,0
2013,2,0,1,2,0
2013,0,2,0,1,0
2013,0,2,1,1,0
2013,0,0,0,1,0
2013,0,3,0,1,0
2013,0,2,2,1,0
2013,0,0,0,1,0
2013,0,2,0,1,0
2013,0,0,1,1,0
2013,0,0,0,1,0
2013,0,0,1,1,0
2013,0,3,0,1,0
2013,0,2,0,1,0
2013,2,0,2,2,0
2013,2,0,2,2,0
2013,0,2,0,1,0
2013,0,0,0,1,0
2013,4,0,0,1,0
2013,0,0,0,1,0
2013,0,0,0,1,0
2013,0,0,2,1,0
2013,0,0,2,1,0
2013,0,0,0,1,0
2013,1,1,1,1,0
2013,0,0,1,1,0
2013,0,0,2,1,0
2013,0,0,0,1,0
2013,0,0,0,1,0
2013,0,0,1,1,0
2013,0,0,2,1,0
2013,0,0,0,1,0
2013,0,0,0,1,0
2013,0,0,0,1,0
2013,0,1,0,1,0
2013,0,2,0,1,0
2013,0,2,0,1,0
2013,0,0,1,1,0
2013,0,0,1,1,0
2013,0,0,0,1,0
2013,0,2,0,1,0
2013,0,0,2,1,0
2013,0,1,0,1,0
2013,0,0,0,1,0
2013,0,1,1,1,0
2013,6,3,2,1,0
2013,0,2,0,1,0
2013,0,1,1,1,0
2013,0,0,1,1,0
2013,0,2,0,2,0
2013,0,0,0,1,0
2013,0,3,2,1,0
2013,0,0,0,1,0
2013,0,0,1,1,0
2013,0,0,2,1,0
2013,0,0,1,1,0
2013,7,1,0,1,0
2013,0,0,1,1,0
2013,0,2,0,1,0
2013,0,3,0,1,0
2013,0,0,1,1,0
2013,0,2,0,1,0
2013,0,0,1,1,0
2013,0,0,2,2,0
2013,0,0,1,1,0
2013,0,1,0,1,0
2013,0,0,1,1,0
2013,0,0,3,1,0
2013,2,2,0,1,0
2013,0,0,1,1,0
2013,0,0,0,1,0
2013,0,1,1,1,0
2013,7,2,0,1,0
2013,0,1,0,2,0
2013,0,0,2,1,0
2013,0,0,2,1,0
2013,0,1,2,2,0
2013,0,2,1,1,0
2013,0,3,0,1,0
2013,0,0,1,1,0
2013,0,0,1,1,0
2013,0,0,4,1,0
2013,0,0,1,1,0
2013,4,3,1,1,0
2013,0,1,0,1,0
2013,0,0,1,1,0
2013,0,0,1,1,0
2013,0,0,0,1,0
2013,0,0,1,1,0
2013,6,0,0,1,0
2013,0,0,0,1,0
2013,0,3,0,2,0
2013,0,1,0,1,0
2013,0,0,0,1,0
2013,0,0,1,1,0
2013,0,0,0,2,0
2013,0,0,2,1,0
2013,2,0,2,2,0
2013,0,0,0,1,0
2013,0,1,0,1,0
2013,0,0,1,1,0
2013,0,0,2,1,0
2013,2,0,0,2,0
2013,2,0,0,2,0
2013,0,0,0,1,0
2013,0,0,2,1,0
2013,0,0,1,1,0
2013,0,0,1,1,0
2013,0,0,2,1,0
2013,0,2,0,1,0
2013,0,0,0,1,0
2013,0,0,0,1,0
2013,0,0,0,1,0
2013,2,0,1,1,0
2013,2,0,1,1,0
2013,0,0,2,1,0
2013,0,0,0,1,0
2013,0,0,2,1,0
2013,0,0,2,1,0
2013,0,0,1,1,0
2013,2,3,0,1,0
2013,0,0,0,1,0
2013,0,0,1,1,0
2013,0,1,0,1,0
2013,0,0,1,1,0
2013,0,0,1,1,0
2013,0,0,2,1,0
2013,0,1,0,1,0
2013,0,0,2,1,0
2013,0,0,1,1,0
2013,0,0,0,1,0
2013,0,0,2,1,0
2013,0,1,0,1,0
2013,0,0,1,1,0
2013,6,0,1,1,0
2013,0,3,0,1,0
2013,0,1,0,1,0
2013,0,1,0,1,0
2013,0,1,0,2,0
2013,0,0,1,1,0
2013,0,0,1,1,0
2013,1,0,1,1,0
2013,0,0,1,1,0
2013,0,1,0,1,0
2013,4,3,0,1,0
2013,4,3,2,1,0
2013,0,0,2,1,0
2013,0,0,0,1,0
2013,5,3,0,1,0
2013,0,0,0,1,0
2013,0,2,0,1,0
2013,0,0,0,1,0
2013,0,0,0,1,0
2013,0,0,1,1,0
2013,0,1,0,1,0
2013,5,3,0,1,0
2013,0,0,0,1,0
2013,0,1,0,1,0
2013,0,3,1,1,0
2013,1,0,1,1,0
2013,0,0,1,2,0
2013,0,0,1,1,0
2013,2,0,0,1,0
2013,0,1,2,2,0
2013,0,0,2,1,0
2013,0,0,0,1,0
2013,0,0,1,1,0
2013,0,1,0,1,0
2013,4,0,0,1,0
2013,0,2,0,1,0
2013,2,0,0,1,0
2013,0,0,0,1,0
2013,0,0,0,1,0
2013,0,0,0,1,0
2013,0,0,2,1,0
2013,0,0,2,1,0
2013,0,0,2,1,0
2013,0,0,2,1,0
2013,0,2,1,1,0
2013,0,2,0,1,0
2013,0,0,0,1,0
2013,2,0,1,2,0
2013,0,0,2,1,0
2013,0,1,0,1,0
2013,0,3,0,2,0
2013,2,0,0,2,0
2013,2,0,0,2,0
2013,4,3,0,1,0
2013,0,0,0,1,0
2013,0,2,0,1,0
2013,0,0,1,1,0
2013,2,0,0,2,0
2013,0,0,2,1,0
2013,0,0,2,1,0
2013,0,2,2,1,0
2013,0,1,1,1,0
2013,0,0,0,1,0
2013,0,0,2,1,0
2013,0,0,1,1,0
2013,0,0,1,1,0
2013,0,0,0,1,0
2013,0,0,1,1,0
2013,2,0,0,1,0
2013,0,0,1,1,0
2013,0,0,0,1,0
2013,0,1,2,1,0
2013,0,2,2,1,0
2013,0,0,1,1,0
2013,0,0,2,1,0
2013,0,0,2,1,0
2013,0,0,0,1,0
2013,0,2,0,1,0
2013,0,0,0,1,0
2013,0,0,0,1,0
2013,0,0,1,1,0
2013,4,0,2,1,0
2013,0,2,1,1,0
2013,0,0,0,1,0
2013,0,0,0,1,0
2013,0,2,0,1,0
2013,0,0,0,1,0
2013,0,0,1,1,0
2013,0,0,1,1,0
2013,0,2,4,1,0
2013,0,0,1,1,0
2013,0,0,1,1,0
2013,0,0,1,1,0
2013,0,0,1,1,0
2013,0,3,2,1,0
2013,4,0,1,1,0
2013,0,0,1,1,0
2013,1,3,0,1,0
2013,1,1,0,1,0
2013,0,2,0,1,0
2013,0,0,0,1,0
2013,0,1,0,1,0
2013,0,2,2,1,0
2013,0,0,3,1,0
2013,0,1,2,1,0
2013,4,2,2,1,0
2013,0,2,2,1,0
2013,0,0,0,1,0
2013,0,2,1,1,0
2013,0,3,2,1,0
2013,0,0,0,1,0
2013,0,0,1,1,0
2013,0,0,1,1,0
2013,0,0,1,1,0
2013,0,2,2,1,0
2013,0,0,1,1,0
2013,0,0,0,1,0
2013,0,1,0,1,0
2013,0,0,0,1,0
2013,1,0,0,1,0
2013,0,0,1,1,0
2013,0,0,2,1,0
2013,5,1,0,1,0
2013,0,2,0,1,0
2013,0,0,0,1,0
2013,0,0,0,1,0
2013,0,0,0,1,0
2013,0,0,0,1,0
2013,0,0,0,1,0
2013,5,0,0,1,0
2013,0,0,1,1,0
2013,0,0,2,1,0
2013,0,3,1,1,0
2013,0,0,0,1,0
2013,0,0,0,1,0
2013,0,3,2,1,0
2013,0,2,0,1,0
2013,0,3,0,1,0
2013,6,0,1,1,0
2013,0,0,0,1,0
2013,0,1,0,1,0
2013,0,0,0,1,0
2013,0,0,3,1,0
2013,2,0,0,2,0
2013,0,2,0,1,0
2013,0,2,1,1,0
2013,0,2,1,1,0
2013,0,0,0,1,0
2013,4,3,0,1,0
2013,0,2,0,1,0
2013,0,1,5,1,0
2013,1,1,0,1,0
2013,0,2,1,1,0
2013,0,2,0,1,0
2013,2,0,2,1,0
2013,2,0,2,2,0
2013,2,0,2,1,0
2013,2,0,2,2,0
2013,2,0,2,1,0
2013,2,0,2,1,0
2013,0,0,1,1,0
2013,0,0,0,1,0
2013,0,0,0,1,0
2013,0,0,0,1,0
2013,0,0,0,1,0
2013,0,0,0,1,0
2013,0,0,0,1,0
2013,0,0,0,1,0
2013,1,0,1,1,0
2013,0,0,1,1,0
2013,0,0,0,1,0
2013,1,0,2,1,0
2013,0,0,2,1,0
2013,0,0,1,1,0
2013,0,0,0,1,0
2013,0,0,2,1,0
2013,4,3,0,1,0
2013,0,0,0,1,0
2013,0,0,0,1,0
2013,0,0,2,1,0
2013,0,2,0,1,0
2013,0,0,1,1,0
2013,0,,2,1,0
2013,0,1,0,1,0
2013,0,0,0,1,0
2013,0,0,1,1,0
2013,0,2,1,1,0
2013,0,0,0,2,0
2013,0,0,1,1,0
2013,0,0,1,1,0
2013,1,3,2,1,0
2013,0,0,0,1,0
2013,0,0,0,1,0
2013,0,0,1,1,0
2013,0,0,2,1,0
2013,0,0,2,1,0
2013,0,0,0,1,0
2013,2,0,0,1,0
2013,2,0,2,2,0
2013,0,0,1,1,0
2013,0,0,2,1,0
2013,0,2,2,1,0
2013,0,1,0,1,0
2013,2,0,2,2,0
2013,0,0,3,1,0
2013,7,0,1,1,0
2013,4,0,1,1,0
2013,4,0,1,2,0
2013,0,0,1,1,0
2013,0,0,0,1,0
2013,0,0,0,1,0
2013,0,0,0,1,0
2013,0,0,0,1,0
2013,0,0,1,1,0
2013,0,0,0,1,0
2013,0,2,2,1,0
2013,0,0,1,1,0
2013,5,0,1,1,0
2013,0,0,1,1,0
2013,0,0,0,1,0
2013,0,2,2,1,0
2013,0,1,0,2,0
2013,0,0,0,1,0
2013,0,0,1,1,0
2013,0,0,1,1,0
2013,0,0,1,1,0
2013,0,0,0,1,0
2013,0,1,2,1,0
2013,0,0,0,1,0
2013,0,0,0,1,0
2013,0,1,1,1,0
2013,0,2,1,1,0
2013,0,0,2,1,0
2013,0,3,0,1,0
2013,0,0,1,1,0
2013,1,0,0,1,0
2013,0,0,1,1,0
2013,0,3,2,1,0
2013,1,0,1,1,0
2013,0,0,2,1,0
2013,0,0,0,1,0
2013,0,0,1,1,0
2013,4,1,2,1,0
2013,0,1,0,1,0
2013,0,1,0,1,0
2013,0,0,2,1,0
2013,1,0,0,1,0
2013,0,0,0,1,0
2013,0,0,1,1,0
2013,2,0,0,1,0
2013,0,0,0,1,0
2013,0,1,1,1,0
2013,0,1,0,1,0
2013,0,0,0,1,0
2013,0,0,0,1,0
2013,4,0,2,1,0
2013,0,0,2,1,0
2013,0,0,1,1,0
2013,0,0,1,1,0
2013,0,0,0,1,0
2013,0,1,0,1,0
2013,0,0,0,1,0
2013,0,0,0,1,0
2013,0,0,2,1,0
2013,0,0,3,1,0
2013,0,0,2,1,0
2013,1,0,1,1,0
2013,0,0,1,1,0
2013,0,0,0,1,0
2013,0,0,0,1,0
2013,0,0,0,1,0
2013,0,0,0,1,0
2013,0,0,1,1,0
2013,0,0,0,1,0
2013,0,1,0,1,0
2013,0,0,0,1,0
2013,0,2,0,2,0
2013,0,0,1,1,0
2013,0,0,0,1,0
2013,0,2,2,1,0
2013,0,0,0,1,0
2013,0,0,1,1,0
2013,0,0,1,1,0
2013,0,1,0,1,0
2013,0,0,1,1,0
2013,0,0,2,1,0
2013,0,0,0,1,0
2013,0,0,0,1,0
2013,0,0,1,1,0
2013,4,0,1,1,0
2013,0,0,1,1,0
2013,6,0,2,1,0
2013,0,2,0,1,0
2013,0,0,0,1,0
2013,0,0,1,1,0
2013,0,0,1,1,0
2013,0,1,1,1,0
2013,0,0,1,1,0
2013,0,0,1,1,0
2013,0,0,0,1,0
2013,0,0,0,1,0
2013,0,0,1,1,0
2013,0,0,1,1,0
2013,0,0,2,1,0
2013,2,2,1,2,0
2013,0,1,0,1,0
2013,0,1,1,1,0
2013,4,0,0,1,0
2013,0,0,0,1,0
2013,0,0,0,1,0
2013,0,0,0,1,0
2013,2,0,1,1,0
2013,0,0,0,1,0
2013,0,0,1,1,0
2013,0,1,0,1,0
2013,0,0,1,1,0
2013,0,0,0,1,0
2013,0,1,0,1,0
2013,1,0,2,1,0
2013,0,0,0,1,0
2013,1,2,0,1,0
2013,0,1,0,2,0
2013,0,2,2,1,0
2013,0,0,1,1,0
2013,0,0,0,1,0
2013,0,0,5,1,0
2013,0,0,0,1,0
2013,4,2,1,1,0
2013,0,0,2,1,0
2013,0,0,0,1,0
2013,0,1,0,1,0
2013,0,0,0,1,0
2013,0,0,0,1,0
2013,0,0,0,1,0
2013,0,0,0,1,0
2013,0,0,1,1,0
2013,0,0,1,2,0
2013,0,0,0,1,0
2013,0,0,0,1,0
2013,0,0,0,1,0
2013,2,0,2,2,0
2013,0,0,2,1,0
2013,0,3,0,1,0
2013,4,0,0,1,0
2013,0,2,2,1,0
2013,0,2,1,1,0
2013,0,2,1,2,0
2013,0,0,1,1,0
2013,0,0,2,1,0
2013,0,2,1,1,0
2013,0,2,2,1,0
2013,0,3,0,1,0
2013,0,0,0,1,0
2013,0,1,0,1,0
2013,0,0,1,1,0
2013,0,1,3,2,0
2013,0,0,2,1,0
2013,2,0,0,1,0
2013,1,3,2,1,0
2013,0,0,1,1,0
2013,0,0,1,1,0
2013,0,0,0,1,0
2013,0,0,0,2,0
2013,0,0,1,1,0
2013,0,1,2,1,0
2013,0,0,2,1,0
2013,0,0,0,1,0
2013,0,0,0,1,0
2013,0,1,0,1,0
2013,0,2,1,1,0
2013,0,0,1,1,0
2013,0,0,2,1,0
2013,0,3,1,1,0
2013,0,2,0,1,0
2013,0,0,0,1,0
2013,0,0,1,1,0
2013,0,0,1,1,0
2013,0,0,1,1,0
2013,0,2,0,1,0
2013,0,2,1,1,0
2013,0,0,2,1,0
2013,0,0,1,1,0
2013,0,2,1,1,0
2013,0,2,2,1,0
2013,0,1,0,1,0
2013,0,1,2,1,0
2013,0,0,1,1,0
2013,0,0,1,1,0
2013,0,0,2,1,0
2013,0,2,0,1,0
2013,0,0,1,1,0
2013,2,0,1,1,0
2013,2,2,1,1,0
2013,0,1,0,1,0
2013,0,0,3,1,0
2013,0,0,0,2,0
2013,0,0,1,1,0
2013,0,2,1,1,0
2013,1,0,1,1,0
2013,0,0,0,1,0
2013,0,0,0,1,0
2013,0,0,1,1,0
2013,0,0,1,2,0
2013,0,0,1,1,0
2013,0,1,0,1,0
2013,0,0,0,1,0
2013,0,2,2,1,0
2013,0,3,0,1,0
2013,0,1,1,1,0
2013,0,0,0,1,0
2013,0,0,2,1,0
2013,0,,0,2,0
2013,0,0,2,1,0
2013,0,0,0,1,0
2013,0,0,1,1,0
2013,2,0,1,1,0
2013,5,0,0,1,0
2013,2,0,1,2,0
2013,0,0,2,1,0
2013,0,0,2,1,0
2013,0,0,1,2,0
2013,0,1,3,1,0
2013,0,1,1,1,0
2013,5,0,1,1,0
2013,0,0,1,1,0
2013,1,1,1,1,0
2013,0,0,0,1,0
2013,0,3,1,1,0
2013,0,1,1,1,0
2013,0,,0,1,0
2013,4,1,1,1,0
2013,4,2,1,1,0
2013,0,0,1,1,0
2013,0,0,1,1,0
2013,0,2,1,1,0
2013,0,0,2,1,0
2013,0,2,1,1,0
2013,1,1,0,1,0
2013,0,1,0,2,0
2013,0,0,1,1,0
2013,0,2,0,1,0
2013,0,0,0,1,0
2013,0,1,0,1,0
2013,0,2,1,1,0
2013,2,0,1,1,0
2013,0,0,1,1,0
2013,0,2,1,1,0
2013,0,0,1,1,0
2013,0,1,2,1,0
2013,0,0,1,1,0
2013,0,1,1,1,0
2013,0,0,1,1,0
2013,0,1,0,1,0
2013,0,2,0,1,0
2013,0,0,2,1,0
2013,0,2,0,1,0
2013,0,0,1,1,0
2013,0,0,0,1,0
2013,0,0,1,1,0
2013,2,0,1,1,0
2013,0,0,2,1,0
2013,0,2,0,1,0
2013,0,2,0,1,0
2013,0,2,2,1,0
2013,0,0,2,2,0
2013,1,0,0,1,0
2013,0,0,0,1,0
2013,0,1,0,2,0
2013,0,0,0,1,0
2013,2,0,1,1,0
2013,0,0,1,1,0
2013,0,0,2,1,0
2013,0,1,1,1,0
2013,0,1,1,1,0
2013,0,1,1,2,0
2013,1,0,1,1,0
2013,0,1,0,1,0
2013,0,2,0,1,0
2013,0,2,0,1,0
2013,0,2,0,1,0
2013,1,0,0,1,0
2013,0,2,0,1,0
2013,0,2,0,1,0
2013,2,2,3,1,0
2013,0,0,0,1,0
2013,0,0,0,1,0
2013,0,2,2,1,0
2013,0,0,1,1,0
2013,2,0,0,1,0
2013,0,0,0,2,0
2013,0,1,1,1,0
2013,0,0,1,1,0
2013,0,2,0,1,0
2013,0,0,1,1,0
2013,0,0,1,1,0
2013,2,0,3,1,0
2013,2,0,3,1,0
2013,2,0,3,2,0
2013,2,0,3,2,0
2013,2,0,1,1,0
2013,2,0,1,1,0
2013,0,0,1,1,0
2013,0,0,1,1,0
2013,0,0,0,1,0
2013,0,2,1,1,0
2013,0,1,0,1,0
2013,0,1,0,2,0
2013,0,,2,1,0
2013,0,2,0,1,0
2013,0,0,0,1,0
2013,0,0,0,1,0
2013,0,2,0,1,0
2013,0,1,0,1,0
2013,0,3,0,1,0
2013,0,2,0,1,0
2013,0,2,1,1,0
2013,0,0,1,1,0
2013,0,1,0,1,0
2013,0,0,0,1,0
2013,0,2,0,1,0
2013,0,1,0,1,0
2013,0,0,0,1,0
2013,0,0,1,1,0
2013,0,0,2,1,0
2013,0,0,2,1,0
2013,0,0,2,1,0
2013,0,0,1,1,0
2013,0,0,1,1,0
2013,0,2,2,2,0
2013,0,0,0,1,0
2013,0,0,1,1,0
2013,0,0,0,1,0
2013,0,3,0,1,0
2013,0,2,0,1,0
2013,0,3,0,1,0
2013,0,1,1,1,0
2013,0,0,1,1,0
2013,0,0,2,1,0
2013,0,0,0,1,0
2013,0,0,1,1,0
2013,0,0,1,1,0
2013,0,2,0,1,0
2013,0,0,0,1,0
2013,0,3,1,1,0
2013,0,1,1,1,0
2013,0,1,0,1,0
2013,2,0,0,2,0
2013,0,,1,1,0
2013,0,0,1,1,0
2013,0,0,0,1,0
2013,0,3,0,1,0
2013,0,2,0,1,0
2013,0,,2,1,0
2013,2,3,1,1,0
2013,0,0,0,1,0
2013,0,0,0,1,0
2013,0,0,0,1,0
2013,2,0,2,1,0
2013,0,2,2,1,0
2013,0,1,2,1,0
2013,0,0,1,1,0
2013,0,0,0,1,0
2013,4,0,0,1,0
2013,2,0,0,1,0
2013,0,0,1,1,0
2013,0,0,0,1,0
2013,0,0,0,1,0
2013,0,0,0,1,0
2013,0,0,0,1,0
2013,0,1,4,1,0
2013,0,0,0,1,0
2013,0,0,0,1,0
2013,0,0,0,1,0
2013,0,1,0,1,0
2013,0,1,2,1,0
2013,0,1,0,1,0
2013,1,3,0,1,0
2013,0,0,0,1,0
2013,2,0,0,2,0
2013,0,,0,1,0
2013,0,0,2,1,0
2013,2,0,3,1,0
2013,0,1,2,1,0
2013,0,0,1,1,0
2013,0,1,0,1,0
2013,0,0,1,1,0
2013,0,2,0,1,0
2013,0,0,1,1,0
2013,0,0,1,1,0
2013,0,1,0,1,0
2013,0,2,0,1,0
2013,0,2,0,1,0
2013,1,0,1,1,0
2013,0,0,2,1,0
2013,0,1,2,1,0
2013,2,0,0,1,0
2013,0,0,2,1,0
2013,4,1,1,2,0
2013,0,3,1,1,0
2013,0,0,1,1,0
2013,0,0,1,1,0
2013,4,1,1,1,0
2013,0,0,0,1,0
2013,0,0,0,1,0
2013,0,0,0,1,0
2013,0,1,0,1,0
2013,0,2,0,1,0
2013,0,0,1,1,0
2013,0,2,0,1,0
2013,0,0,2,1,0
2013,0,0,2,1,0
2013,0,0,0,1,0
2013,0,2,0,1,0
2013,0,0,0,1,0
2013,0,1,0,1,0
2013,0,1,0,1,0
2013,0,2,1,1,0
2013,0,2,1,1,0
2013,0,0,2,2,0
2013,0,0,2,1,0
2013,0,0,0,1,0
2013,0,2,0,1,0
2013,0,1,0,2,0
2013,0,3,1,1,0
2013,7,0,0,1,0
2013,0,3,0,1,0
2013,0,0,1,1,0
2013,2,0,1,1,0
2013,0,1,0,1,0
2013,0,0,1,1,0
2013,0,0,1,1,0
2013,0,0,1,1,0
2013,0,0,2,1,0
2013,0,0,0,1,0
2013,0,0,1,1,0
2013,0,0,1,2,0
2013,0,1,1,1,0
2013,0,0,0,1,0
2013,0,0,0,2,0
2013,0,0,0,1,0
2013,0,0,1,1,0
2013,0,0,2,1,0
2013,0,0,0,1,0
2013,0,0,0,1,0
2013,0,0,1,1,0
2013,0,0,1,1,0
2013,0,2,0,1,0
2013,0,0,0,1,0
2013,0,0,2,1,0
2013,0,0,1,1,0
2013,0,1,0,1,0
2013,0,2,2,1,0
2013,0,0,0,1,0
2013,0,0,1,1,0
2013,0,0,0,1,0
2013,0,0,0,1,0
2013,0,0,0,1,0
2013,0,1,0,1,0
2013,0,0,1,1,0
2013,0,0,1,1,0
2013,0,2,2,1,0
2013,0,0,2,1,0
2013,4,0,0,1,0
2013,0,2,0,1,0
2013,0,0,0,1,0
2013,0,1,0,1,0
2013,0,0,3,1,0
2013,0,0,1,1,0
2013,0,1,0,1,0
2013,0,2,0,1,0
2013,0,0,0,1,0
2013,0,0,0,2,0
2013,0,0,1,1,0
2013,2,0,1,1,0
2013,2,0,1,1,0
2013,0,2,0,2,0
2013,0,1,0,1,0
2013,0,0,2,1,0
2013,0,0,0,1,0
2013,0,0,0,1,0
2013,0,0,0,1,0
2013,0,1,0,1,0
2013,0,0,0,1,0
2013,0,1,0,1,0
2013,0,2,0,1,0
2013,0,2,0,1,0
2013,0,0,3,1,0
2013,6,2,1,1,0
2013,0,1,0,1,0
2013,0,0,1,1,0
2013,0,3,0,1,0
2013,0,2,0,1,0
2013,1,1,1,1,0
2013,0,0,1,1,0
2013,0,0,0,1,0
2013,2,0,1,2,0
2013,0,0,2,1,0
2013,0,0,2,1,0
2013,0,1,1,1,0
2013,0,3,0,1,0
2013,1,0,0,1,0
2013,2,0,2,1,0
2013,2,0,2,2,0
2012,0,0,2,1,0
2012,0,0,0,1,0
2012,0,2,0,1,0
2012,0,2,1,1,0
2012,0,0,1,1,0
2012,0,2,0,1,0
2012,0,0,1,1,0
2012,0,3,0,1,0
2012,0,2,1,1,0
2012,0,0,0,1,0
2012,0,0,1,1,0
2012,0,1,0,1,0
2012,0,0,0,1,0
2012,2,2,1,1,0
2012,2,2,1,2,0
2012,0,0,1,1,0
2012,0,2,2,1,0
2012,0,0,0,1,0
2012,0,0,1,1,0
2012,0,1,0,1,0
2012,0,0,1,1,0
2012,0,0,0,1,0
2012,0,0,1,1,0
2012,0,1,0,1,0
2012,0,1,1,1,0
2012,4,0,2,1,0
2012,0,0,2,1,0
2012,0,0,1,1,0
2012,0,0,0,1,0
2012,0,0,1,2,0
2012,0,0,2,1,0
2012,0,0,0,2,0
2012,0,0,0,1,0
2012,0,2,1,1,0
2012,0,0,0,1,0
2012,0,0,1,2,0
2012,0,0,2,1,0
2012,0,0,1,2,0
2012,0,2,2,1,0
2012,0,2,0,1,0
2012,0,0,0,1,0
2012,0,0,1,1,0
2012,0,0,1,2,0
2012,0,0,1,1,0
2012,0,0,2,1,0
2012,0,0,1,1,0
2012,0,0,1,1,0
2012,0,0,0,1,0
2012,0,1,0,1,0
2012,0,0,1,1,0
2012,0,2,0,1,0
2012,0,0,2,1,0
2012,0,2,2,1,0
2012,0,0,1,1,0
2012,0,1,0,1,0
2012,0,0,2,1,0
2012,0,3,3,1,0
2012,0,0,0,1,0
2012,0,0,0,1,0
2012,0,0,0,1,0
2012,0,2,0,1,0
2012,0,1,0,1,0
2012,0,1,0,1,0
2012,0,0,1,1,0
2012,2,0,0,1,0
2012,0,1,0,1,0
2012,0,3,0,2,0
2012,0,0,1,1,0
2012,0,3,0,1,0
2012,0,2,0,1,0
2012,0,2,1,1,0
2012,0,0,2,1,0
2012,0,0,0,1,0
2012,6,3,1,1,0
2012,0,1,0,1,0
2012,0,3,0,1,0
2012,2,2,1,1,0
2012,0,2,0,1,0
2012,0,0,0,1,0
2012,0,0,2,1,0
2012,0,0,2,1,0
2012,0,0,1,2,0
2012,0,2,1,1,0
2012,0,1,0,1,0
2012,0,,0,1,0
2012,1,0,1,1,0
2012,0,0,3,1,0
2012,0,0,1,1,0
2012,0,0,0,1,0
2012,0,1,0,1,0
2012,0,0,2,1,0
2012,0,1,0,2,0
2012,0,0,1,1,0
2012,0,2,0,1,0
2012,0,2,2,1,0
2012,0,2,0,1,0
2012,0,2,0,1,0
2012,0,0,0,1,0
2012,0,3,4,1,0
2012,0,1,0,1,0
2012,0,0,2,1,0
2012,0,0,0,1,0
2012,0,3,2,1,0
2012,0,0,0,1,0
2012,0,0,1,1,0
2012,0,0,1,2,0
2012,0,0,1,1,0
2012,0,1,1,1,0
2012,2,0,0,1,0
2012,0,1,0,1,0
2012,0,0,2,1,0
2012,2,2,1,1,0
2012,5,1,2,1,0
2012,0,2,0,1,0
2012,0,0,0,1,0
2012,0,2,0,1,0
2012,0,1,0,1,0
2012,7,1,0,1,0
2012,0,1,0,1,0
2012,0,0,0,1,0
2012,0,1,1,1,0
2012,0,3,1,1,0
2012,0,0,0,1,0
2012,0,0,1,1,0
2012,2,0,0,2,0
2012,2,0,0,1,0
2012,2,0,0,2,0
2012,0,0,0,2,0
2012,0,2,0,1,0
2012,0,0,0,1,0
2012,0,0,2,2,0
2012,0,0,0,1,0
2012,6,1,2,1,0
2012,0,1,2,1,0
2012,0,0,0,1,0
2012,0,0,0,1,0
2012,0,0,1,1,0
2012,0,0,0,1,0
2012,0,1,1,1,0
2012,0,0,0,1,0
2012,0,0,1,1,0
2012,0,1,1,1,0
2012,0,3,0,1,0
2012,0,1,0,1,0
2012,0,0,0,1,0
2012,0,0,1,1,0
2012,0,0,1,1,0
2012,0,0,0,1,0
2012,0,2,0,2,0
2012,0,2,2,1,0
2012,2,0,1,1,0
2012,0,0,0,1,0
2012,0,0,2,1,0
2012,0,1,0,1,0
2012,0,2,0,1,0
2012,0,2,1,1,0
2012,0,1,3,1,0
2012,1,1,0,1,0
2012,0,0,2,1,0
2012,0,2,0,1,0
2012,0,0,0,1,0
2012,0,0,1,1,0
2012,0,0,1,1,0
2012,6,0,2,1,0
2012,0,1,0,1,0
2012,0,0,2,1,0
2012,0,1,0,1,0
2012,7,2,2,1,0
2012,0,0,2,1,0
2012,0,0,1,1,0
2012,0,2,0,1,0
2012,1,1,2,1,0
2012,0,0,1,1,0
2012,6,2,0,1,0
2012,0,0,1,1,0
2012,0,0,0,1,0
2012,0,0,0,1,0
2012,0,2,2,1,0
2012,0,0,1,1,0
2012,0,3,0,1,0
2012,4,0,0,1,0
2012,0,2,0,1,0
2012,0,1,0,2,0
2012,0,0,0,1,0
2012,2,0,1,2,0
2012,2,0,1,2,0
2012,0,0,0,1,0
2012,0,0,1,1,0
2012,1,2,1,1,0
2012,7,1,2,1,0
2012,0,0,4,1,0
2012,0,0,1,1,0
2012,0,0,1,1,0
2012,0,0,0,1,0
2012,0,2,0,1,0
2012,2,0,1,1,0
2012,0,2,1,1,0
2012,0,,1,1,0
2012,0,0,1,1,0
2012,0,1,0,1,0
2012,0,0,0,1,0
2012,0,1,1,1,0
2012,0,2,0,1,0
2012,0,0,1,1,0
2012,1,0,0,1,0
2012,0,0,1,1,0
2012,0,0,1,1,0
2012,0,0,1,1,0
2012,0,0,0,1,0
2012,0,2,1,1,0
2012,0,2,1,1,0
2012,0,2,1,1,0
2012,0,0,2,1,0
2012,0,0,1,1,0
2012,2,0,1,2,0
2012,0,1,0,1,0
2012,0,3,2,1,0
2012,0,0,0,2,0
2012,0,1,4,1,0
2012,0,,0,1,0
2012,0,0,2,1,0
2012,0,2,2,1,0
2012,0,2,0,1,0
2012,0,2,0,1,0
2012,0,0,0,1,0
2012,0,0,0,1,0
2012,0,0,1,1,0
2012,4,1,0,1,0
2012,0,0,0,1,0
2012,0,0,0,1,0
2012,0,0,2,1,0
2012,0,2,0,1,0
2012,0,0,1,1,0
2012,0,0,0,1,0
2012,0,0,0,1,0
2012,0,0,0,2,0
2012,0,0,1,1,0
2012,0,0,2,1,0
2012,0,0,0,1,0
2012,0,2,2,1,0
2012,0,0,1,1,0
2012,0,0,1,1,0
2012,5,0,1,2,0
2012,2,0,1,2,0
2012,0,0,2,1,0
2012,0,0,0,1,0
2012,0,0,2,1,0
2012,0,1,1,1,0
2012,0,1,3,1,0
2012,0,0,1,1,0
2012,0,0,0,1,0
2012,0,2,3,1,0
2012,0,0,0,1,0
2012,0,1,4,1,0
2012,0,0,0,1,0
2012,0,0,2,1,0
2012,0,0,2,1,0
2012,0,0,1,1,0
2012,0,1,4,2,0
2012,0,0,2,1,0
2012,0,0,0,1,0
2012,0,0,1,2,0
2012,0,1,0,2,0
2012,0,0,1,1,0
2012,0,0,0,1,0
2012,0,0,0,1,0
2012,0,0,2,1,0
2012,0,1,0,1,0
2012,0,0,3,1,0
2012,0,1,0,1,0
2012,0,0,2,1,0
2012,0,0,0,1,0
2012,0,0,0,1,0
2012,0,2,1,1,0
2012,0,0,1,1,0
2012,0,0,0,1,0
2012,5,3,1,1,0
2012,0,0,0,1,0
2012,0,0,1,1,0
2012,0,0,2,1,0
2012,0,1,1,1,0
2012,0,3,1,1,0
2012,2,0,2,2,0
2012,0,0,0,1,0
2012,0,0,0,1,0
2012,0,1,0,1,0
2012,0,3,0,1,0
2012,0,0,1,1,0
2012,0,1,2,1,0
2012,0,1,4,1,0
2012,0,1,0,1,0
2012,0,0,1,1,0
2012,0,1,0,1,0
2012,0,0,1,1,0
2012,0,0,1,1,0
2012,0,0,1,1,0
2012,0,0,4,1,0
2012,7,0,2,2,0
2012,1,0,1,1,0
2012,0,0,0,1,0
2012,0,0,1,1,0
2012,0,2,2,1,0
2012,0,1,5,1,0
2012,0,2,0,1,0
2012,0,2,1,1,0
2012,0,0,0,1,0
2012,4,3,2,1,0
2012,0,2,0,1,0
2012,0,0,0,1,0
2012,0,0,1,1,0
2012,0,1,2,1,0
2012,1,1,0,1,0
2012,0,0,1,1,0
2012,0,3,0,1,0
2012,0,2,0,1,0
2012,0,2,0,1,0
2012,0,2,0,1,0
2012,0,0,0,1,0
2012,0,0,1,1,0
2012,0,1,2,1,0
2012,2,0,0,1,0
2012,0,2,0,1,0
2012,0,0,1,2,0
2012,0,2,2,1,0
2012,0,1,3,1,0
2012,6,0,1,1,0
2012,1,1,0,2,0
2012,4,0,1,1,0
2012,0,2,2,1,0
2012,0,1,1,1,0
2012,1,0,0,1,0
2012,0,0,1,1,0
2012,0,0,0,1,0
2012,0,0,1,1,0
2012,0,0,3,1,0
2012,0,1,0,1,0
2012,4,0,1,1,0
2012,1,2,0,1,0
2012,0,2,0,1,0
2012,0,0,2,1,0
2012,2,0,1,1,0
2012,0,0,0,1,0
2012,0,0,1,1,0
2012,2,0,0,1,0
2012,2,0,0,1,0
2012,0,0,0,1,0
2012,0,2,2,1,0
2012,0,0,2,1,0
2012,0,0,0,1,0
2012,0,1,0,1,0
2012,0,0,1,1,0
2012,0,2,2,1,0
2012,0,1,0,1,0
2012,0,0,0,1,0
2012,0,0,1,1,0
2012,0,2,1,1,0
2012,1,0,1,1,0
2012,6,1,1,1,0
2012,0,0,1,1,0
2012,0,0,0,1,0
2012,0,1,1,1,0
2012,0,2,1,1,0
2012,0,2,1,1,0
2012,0,2,0,1,0
2012,0,0,0,1,0
2012,0,0,1,1,0
2012,6,2,1,1,0
2012,2,0,0,1,0
2012,0,0,1,1,0
2012,0,0,0,1,0
2012,0,0,1,1,0
2012,0,0,0,1,0
2012,2,0,1,2,0
2012,0,0,0,1,0
2012,0,0,1,1,0
2012,0,0,0,1,0
2012,0,0,0,1,0
2012,0,1,1,1,0
2012,0,0,1,1,0
2012,2,0,2,2,0
2012,0,0,1,1,0
2012,0,0,2,1,0
2012,0,2,2,1,0
2012,2,2,1,1,0
2012,0,0,1,1,0
2012,0,2,0,1,0
2012,1,2,1,1,0
2012,0,2,1,1,0
2012,0,0,1,1,0
2012,0,0,0,1,0
2012,2,0,0,1,0
2012,0,2,1,1,0
2012,0,0,1,1,0
2012,0,2,1,1,0
2012,0,0,2,1,0
2012,0,1,0,1,0
2012,0,1,1,1,0
2012,1,1,0,1,0
2012,0,0,0,1,0
2012,0,0,1,1,0
2012,0,0,1,1,0
2012,0,3,0,1,0
2012,0,2,0,1,0
2012,0,1,1,1,0
2012,0,1,1,1,0
2012,1,0,0,1,0
2012,0,0,1,2,0
2012,0,0,1,1,0
2012,1,0,2,1,0
2012,0,0,2,1,0
2012,0,2,1,1,0
2012,6,2,1,1,0
2012,0,0,1,1,0
2012,0,2,2,1,0
2012,0,1,0,1,0
2012,0,1,2,1,0
2012,0,2,1,1,0
2012,2,2,0,2,0
2012,0,1,0,1,0
2012,0,0,0,1,0
2012,0,0,1,1,0
2012,0,0,0,1,0
2012,0,0,2,1,0
2012,2,0,1,1,0
2012,0,0,1,1,0
2012,0,0,0,1,0
2012,0,1,0,1,0
2012,0,0,0,1,0
2012,0,2,0,1,0
2012,0,0,2,1,0
2012,0,0,1,1,0
2012,0,0,1,1,0
2012,2,0,1,1,0
2012,1,1,1,1,0
2012,0,3,1,1,0
2012,0,0,1,1,0
2012,0,0,0,1,0
2012,0,1,1,1,0
2012,0,0,0,1,0
2012,0,2,0,1,0
2012,0,,1,1,0
2012,0,3,1,1,0
2012,0,0,1,1,0
2012,0,0,1,1,0
2012,0,0,1,1,0
2012,0,1,0,1,0
2012,0,0,0,1,0
2012,0,0,1,1,0
2012,0,0,1,2,0
2012,0,2,0,1,0
2012,2,0,0,2,0
2012,0,0,2,1,0
2012,0,0,1,1,0
2012,0,0,0,1,0
2012,0,1,0,1,0
2012,0,,0,1,0
2012,4,1,1,2,0
2012,0,1,2,1,0
2012,0,0,1,1,0
2012,0,0,0,1,0
2012,1,3,1,1,0
2012,0,0,1,1,0
2012,0,0,1,1,0
2012,0,1,0,2,0
2012,0,3,2,1,0
2012,0,0,1,1,0
2012,0,0,1,1,0
2012,0,2,2,1,0
2012,0,0,2,1,0
2012,0,0,2,1,0
2012,2,2,0,1,0
2012,6,2,1,1,0
2012,0,2,2,1,0
2012,1,0,2,1,0
2012,0,2,2,1,0
2012,0,2,1,1,0
2012,0,0,1,1,0
2012,0,2,2,1,0
2012,0,0,1,1,0
2012,7,1,1,1,0
2012,0,1,1,1,0
2012,0,0,0,1,0
2012,0,1,0,1,0
2012,0,2,3,1,0
2012,0,0,0,1,0
2012,0,0,3,1,0
2012,2,0,0,2,0
2012,2,0,0,1,0
2012,0,0,0,1,0
2012,0,1,2,1,0
2012,0,0,0,1,0
2012,0,2,2,1,0
2012,1,2,1,1,0
2012,0,0,0,1,0
2012,0,0,0,1,0
2012,0,0,1,1,0
2012,4,1,2,1,0
2012,0,0,1,1,0
2012,0,1,0,1,0
2012,0,0,1,1,0
2012,0,0,1,1,0
2012,0,0,0,1,0
2012,0,0,0,2,0
2012,0,3,0,1,0
2012,0,1,0,1,0
2012,0,0,0,1,0
2012,0,0,0,1,0
2012,0,0,1,1,0
2012,0,0,1,1,0
2012,0,0,0,1,0
2012,2,0,1,2,0
2012,0,2,1,1,0
2012,4,1,0,1,0
2012,0,0,0,1,0
2012,2,0,0,1,0
2012,0,0,1,1,0
2012,0,1,0,1,0
2012,0,0,2,1,0
2012,0,1,1,1,0
2012,0,2,0,1,0
2012,0,1,1,1,0
2012,0,0,2,1,0
2012,0,2,2,1,0
2012,0,0,0,1,0
2012,0,0,0,1,0
2012,0,2,0,1,0
2012,0,1,0,1,0
2012,0,,0,1,0
2012,0,0,2,1,0
2012,0,0,2,1,0
2012,0,2,0,1,0
2012,2,1,1,2,0
2012,0,2,0,1,0
2012,0,2,0,1,0
2012,0,0,0,1,0
2012,0,2,1,1,0
2012,1,0,2,1,0
2012,0,3,2,1,0
2012,0,0,2,1,0
2012,0,3,2,1,0
2012,0,0,2,1,0
2012,1,3,0,1,0
2012,0,3,0,1,0
2012,0,0,0,1,0
2012,0,3,1,1,0
2012,0,0,1,1,0
2012,0,0,0,1,0
2012,0,2,1,1,0
2012,0,0,1,1,0
2012,2,0,2,2,0
2012,0,0,0,1,0
2012,0,0,2,1,0
2012,0,0,0,1,0
2012,0,2,2,1,0
2012,0,3,0,1,0
2012,0,0,2,1,0
2012,0,2,0,1,0
2012,0,0,0,1,0
2012,0,2,1,1,0
2012,0,0,0,1,0
2012,0,1,0,1,0
2012,0,0,0,1,0
2012,0,0,2,1,0
2012,0,1,3,2,0
2012,2,0,1,1,0
2012,2,0,0,2,0
2012,0,0,0,1,0
2012,0,0,1,1,0
2012,2,0,0,1,0
2012,0,0,0,2,0
2011,0,0,0,1,0
2011,0,0,0,1,0
2011,0,2,1,1,0
2011,0,2,0,1,0
2011,0,2,0,1,0
2011,0,0,1,1,0
2011,0,1,1,2,0
2011,4,1,0,1,0
2011,0,3,0,1,0
2011,0,0,0,1,0
2011,0,2,0,1,0
2011,1,2,1,1,0
2011,0,2,2,1,0
2011,0,3,0,1,0
2011,0,1,1,1,0
2011,0,2,2,1,0
2011,0,0,1,1,0
2011,0,0,1,1,0
2011,2,0,0,1,0
2011,0,0,0,1,0
2011,0,0,2,1,0
2011,0,2,1,1,0
2011,0,1,1,1,0
2011,0,2,1,1,0
2011,0,0,0,1,0
2011,2,0,1,1,0
2011,0,2,0,1,0
2011,0,0,0,2,0
2011,0,2,1,1,0
2011,0,0,1,1,0
2011,0,0,0,1,0
2011,0,1,0,1,0
2011,0,0,0,1,0
2011,0,0,1,1,0
2011,0,0,0,1,0
2011,0,3,0,1,0
2011,0,0,1,1,0
2011,0,2,0,1,0
2011,0,3,0,1,0
2011,0,0,0,1,0
2011,0,1,0,1,0
2011,0,0,1,1,0
2011,2,0,2,1,0
2011,0,0,2,1,0
2011,0,0,0,1,0
2011,0,2,3,1,0
2011,0,1,2,1,0
2011,0,2,2,1,0
2011,4,2,1,1,0
2011,0,1,1,2,0
2011,0,0,0,1,0
2011,0,2,2,1,0
2011,0,0,1,1,0
2011,0,0,1,1,0
2011,0,1,1,1,0
2011,0,0,1,1,0
2011,2,0,1,1,0
2011,0,2,1,1,0
2011,1,1,1,1,0
2011,0,0,1,1,0
2011,5,0,1,2,0
2011,0,1,0,1,0
2011,0,1,1,1,0
2011,0,1,1,1,0
2011,0,1,1,1,0
2011,0,1,0,1,0
2011,0,0,0,1,0
2011,1,0,3,1,0
2011,0,3,0,1,0
2011,0,1,0,2,0
2011,0,0,0,1,0
2011,0,0,0,1,0
2011,0,1,0,1,0
2011,0,0,1,1,0
2011,1,0,1,1,0
2011,0,1,0,1,0
2011,0,0,0,1,0
2011,0,2,0,1,0
2011,0,3,3,1,0
2011,2,0,1,1,0
2011,0,0,2,1,0
2011,2,0,0,1,0
2011,0,0,2,1,0
2011,0,0,0,1,0
2011,0,0,2,1,0
2011,0,0,2,1,0
2011,6,2,1,1,0
2011,0,0,1,1,0
2011,1,1,0,1,0
2011,0,2,0,1,0
2011,6,2,0,1,0
2011,2,2,0,1,0
2011,0,2,0,1,0
2011,0,0,2,1,0
2011,0,0,2,1,0
2011,0,2,0,1,0
2011,0,0,2,1,0
2011,0,0,0,1,0
2011,0,2,1,1,0
2011,0,0,2,1,0
2011,0,0,0,1,0
2011,0,0,1,1,0
2011,0,0,0,1,0
2011,0,2,2,1,0
2011,0,0,1,1,0
2011,0,1,0,1,0
2011,0,3,2,1,0
2011,0,2,0,1,0
2011,2,0,1,2,0
2011,0,0,0,1,0
2011,0,0,0,1,0
2011,4,0,0,1,0
2011,0,3,0,1,0
2011,0,2,1,1,0
2011,0,0,0,1,0
2011,2,2,0,1,0
2011,0,2,2,1,0
2011,0,3,2,1,0
2011,0,3,0,1,0
2011,0,2,0,1,0
2011,0,1,2,1,0
2011,4,1,0,1,0
2011,0,2,0,1,0
2011,0,0,0,1,0
2011,0,2,1,1,0
2011,0,1,0,2,0
2011,0,2,0,1,0
2011,0,0,3,1,0
2011,0,0,1,1,0
2011,0,0,0,1,0
2011,0,2,2,1,0
2011,0,0,1,1,0
2011,0,0,0,1,0
2011,0,0,0,1,0
2011,0,0,0,1,0
2011,1,2,1,1,0
2011,0,0,0,1,0
2011,0,0,1,1,0
2011,0,1,0,1,0
2011,0,2,2,1,0
2011,0,2,0,1,0
2011,0,0,1,1,0
2011,0,1,0,2,0
2011,0,0,0,1,0
2011,0,0,0,1,0
2011,0,0,0,1,0
2011,0,1,0,1,0
2011,1,0,0,2,0
2011,0,2,1,1,0
2011,6,0,1,2,0
2011,1,1,0,1,0
2011,0,3,0,1,0
2011,0,2,0,1,0
2011,0,0,2,1,0
2011,0,0,0,1,0
2011,2,0,1,1,0
2011,0,2,3,1,0
2011,0,0,1,1,0
2011,0,2,0,1,0
2011,0,0,0,1,0
2011,0,0,0,1,0
2011,0,0,2,1,0
2011,0,0,0,1,0
2011,0,0,0,1,0
2011,0,0,2,1,0
2011,0,1,0,1,0
2011,2,0,1,2,0
2011,2,0,1,2,0
2011,0,3,1,1,0
2011,0,0,1,2,0
2011,0,0,1,1,0
2011,0,1,1,1,0
2011,0,1,0,1,0
2011,0,2,0,1,0
2011,0,0,1,1,0
2011,0,0,0,1,0
2011,0,0,1,2,0
2011,0,3,0,1,0
2011,0,0,0,2,0
2011,0,0,0,1,0
2011,2,0,0,1,0
2011,0,0,0,2,0
2011,0,0,1,1,0
2011,0,0,0,1,0
2011,0,2,1,1,0
2011,0,0,0,1,0
2011,0,0,0,2,0
2011,2,0,0,1,0
2011,0,2,1,1,0
2011,0,2,2,1,0
2011,0,0,1,1,0
2011,0,1,1,1,0
2011,0,1,0,1,0
2011,0,0,1,1,0
2011,0,0,0,1,0
2011,0,0,1,1,0
2011,0,0,0,1,0
2011,6,2,1,1,0
2011,2,0,0,1,0
2011,0,0,0,1,0
2011,6,2,0,1,0
2011,0,0,1,1,0
2011,0,0,1,1,0
2011,0,0,2,1,0
2011,0,0,2,1,0
2011,0,0,0,1,0
2011,0,0,0,1,0
2011,0,0,2,1,0
2011,1,0,0,1,0
2011,0,0,1,1,0
2011,0,1,1,2,0
2011,0,0,1,1,0
2011,0,0,1,1,0
2011,0,0,1,1,0
2011,0,1,0,1,0
2011,0,0,0,1,0
2011,0,2,0,1,0
2011,0,1,0,1,0
2011,1,0,1,1,0
2011,0,0,1,1,0
2011,0,0,1,1,0
2011,0,0,0,1,0
2011,0,0,1,1,0
2011,0,0,4,1,0
2011,0,0,1,1,0
2011,0,0,4,1,0
2011,0,1,0,2,0
2011,0,0,1,1,0
2011,0,3,0,1,0
2011,0,0,0,1,0
2011,0,0,1,1,0
2011,0,1,0,1,0
2011,0,0,1,1,0
2011,0,2,2,1,0
2011,0,0,1,1,0
2011,0,1,2,1,0
2011,0,3,0,1,0
2011,0,2,0,1,0
2011,0,3,0,1,0
2011,0,0,1,1,0
2011,0,2,2,2,0
2011,0,2,1,1,0
2011,0,0,0,1,0
2011,1,0,1,1,0
2011,0,2,0,1,0
2011,1,1,1,1,0
2011,0,0,2,1,0
2011,0,2,1,1,0
2011,0,2,0,1,0
2011,6,0,1,1,0
2011,0,1,2,1,0
2011,2,0,2,2,0
2011,2,0,2,2,0
2011,2,0,0,1,0
2011,0,2,2,1,0
2011,0,2,1,1,0
2011,0,0,1,1,0
2011,0,0,0,2,0
2011,0,0,1,1,0
2011,5,1,0,1,0
2011,4,3,0,1,0
2011,0,0,0,1,0
2011,4,0,1,1,0
2011,4,0,1,1,0
2011,0,1,0,1,0
2011,0,1,2,1,0
2011,0,0,0,1,0
2011,0,1,0,1,0
2011,0,2,3,1,0
2011,0,0,0,1,0
2011,0,0,0,1,0
2011,0,0,0,1,0
2011,0,2,0,1,0
2011,0,0,2,1,0
2011,0,0,0,1,0
2011,0,0,2,2,0
2011,0,0,2,1,0
2011,0,0,0,1,0
2011,0,2,2,1,0
2011,0,0,2,1,0
2011,0,2,2,1,0
2011,0,2,2,1,0
2011,0,0,2,1,0
2011,0,0,0,1,0
2011,0,0,0,1,0
2011,0,1,0,1,0
2011,0,0,0,1,0
2011,0,0,1,1,0
2011,0,0,1,1,0
2011,0,3,0,1,0
2011,0,0,2,1,0
2011,0,0,2,1,0
2011,0,1,0,1,0
2011,0,1,1,2,0
2011,5,0,0,1,0
2011,0,0,1,1,0
2011,0,0,2,1,0
2011,0,2,2,1,0
2011,0,0,1,1,0
2011,0,0,1,1,0
2011,0,3,0,1,0
2011,1,0,1,1,0
2011,0,1,2,1,0
2011,2,2,1,1,0
2011,0,2,1,1,0
2011,0,2,0,1,0
2011,0,0,0,1,0
2011,0,2,1,1,0
2011,0,0,1,1,0
2011,0,0,0,2,0
2011,0,0,2,1,0
2011,0,0,2,1,0
2011,0,0,0,2,0
2011,5,0,2,1,0
2011,0,2,2,1,0
2011,0,2,2,1,0
2011,0,0,1,1,0
2011,0,0,1,1,0
2011,0,0,1,1,0
2011,0,0,0,1,0
2011,0,1,0,1,0
2011,0,0,4,1,0
2011,0,0,2,1,0
2011,0,0,1,1,0
2011,0,1,0,2,0
2011,0,0,0,1,0
2011,0,0,1,1,0
2011,0,0,1,1,0
2011,0,1,0,1,0
2011,0,0,1,1,0
2011,0,2,0,1,0
2011,0,2,0,1,0
2011,1,2,1,1,0
2011,0,0,0,1,0
2011,0,2,2,1,0
2011,0,0,0,1,0
2011,1,2,0,1,0
2011,0,0,2,1,0
2011,0,0,1,1,0
2011,0,2,1,1,0
2011,0,0,0,1,0
2011,0,1,0,1,0
2011,0,0,0,1,0
2011,1,1,0,1,0
2011,0,0,0,1,0
2011,0,0,2,1,0
2011,0,1,0,1,0
2011,0,2,2,1,0
2011,0,0,0,1,0
2011,0,0,0,1,0
2011,0,0,1,1,0
2011,1,0,1,1,0
2011,0,0,1,1,0
2011,0,0,2,1,0
2011,0,0,2,1,0
2011,0,0,0,1,0
2011,0,2,2,1,0
2011,0,2,1,2,0
2011,0,0,1,1,0
2011,0,0,1,1,0
2011,2,0,0,1,0
2011,2,0,0,2,0
2011,0,2,3,1,0
2011,0,2,3,1,0
2011,0,2,0,1,0
2011,0,0,3,1,0
2011,0,0,0,1,0
2011,2,0,0,1,0
2011,1,0,0,1,0
2011,0,0,0,1,0
2011,5,0,1,1,0
2011,0,0,2,1,0
2011,0,3,0,1,0
2011,0,0,1,1,0
2011,0,3,2,1,0
2011,0,0,1,1,0
2011,0,2,2,1,0
2011,0,2,0,1,0
2011,0,0,1,1,0
2011,0,0,1,1,0
2011,0,2,0,1,0
2011,0,0,1,1,0
2011,0,2,1,1,0
2011,0,0,0,1,0
2011,0,1,0,1,0
2011,0,0,1,1,0
2011,0,2,0,1,0
2011,0,1,1,1,0
2011,0,0,4,1,0
2011,0,0,0,1,0
2011,0,0,1,1,0
2011,0,0,2,1,0
2011,0,0,2,1,0
2011,0,2,2,1,0
2011,0,2,0,1,0
2011,0,1,0,2,0
2011,0,0,0,1,0
2011,1,0,2,1,0
2011,2,0,0,1,0
2011,0,2,1,1,0
2011,0,0,0,1,0
2011,0,1,0,1,0
2011,0,0,2,1,0
2011,0,1,0,2,0
2011,0,2,0,1,0
2011,0,1,0,1,0
2011,0,0,1,1,0
2011,0,0,2,1,0
2011,0,0,0,2,0
2011,0,1,0,1,0
2011,0,1,2,1,0
2011,0,0,0,1,0
2011,0,2,1,1,0
2011,0,0,1,1,0
2011,0,2,2,2,0
2011,2,0,0,1,0
2011,0,0,1,1,0
2011,0,3,1,1,0
2011,0,2,2,1,0
2011,0,0,1,2,0
2011,0,1,1,1,0
2011,0,0,0,1,0
2011,0,0,0,1,0
2011,0,2,1,1,0
2011,0,0,0,1,0
2011,0,0,0,1,0
2011,0,0,2,1,0
2011,0,0,2,1,0
2011,4,0,1,1,0
2011,0,0,0,1,0
2011,0,0,0,1,0
2011,0,2,2,1,0
2011,0,3,1,1,0
2011,0,3,2,1,0
2011,0,2,1,1,0
2011,0,1,3,1,0
2011,0,3,0,1,0
2011,0,2,1,1,0
2011,0,1,1,1,0
2011,0,1,2,1,0
2011,0,0,0,1,0
2011,0,0,1,1,0
2011,0,0,2,1,0
2011,0,0,2,1,0
2011,0,0,1,1,0
2011,0,1,0,1,0
2011,2,0,1,2,0
2011,2,0,1,2,0
2011,0,0,1,1,0
2011,0,1,0,1,0
2011,0,2,0,1,0
2011,0,0,2,1,0
2011,0,0,1,1,0
2011,0,2,1,1,0
2011,0,3,0,1,0
2011,0,2,0,1,0
2011,0,0,0,1,0
2011,0,2,2,1,0
2011,0,2,2,2,0
2011,0,0,0,1,0
2011,0,2,1,1,0
2011,0,0,1,1,0
2011,0,0,1,1,0
2011,0,2,1,1,0
2011,0,0,0,1,0
2011,0,2,2,1,0
2011,0,0,0,1,0
2011,0,2,1,1,0
2011,0,0,0,2,0
2011,0,,0,1,0
2011,0,0,1,1,0
2011,0,0,1,1,0
2011,0,0,0,1,0
2011,0,0,2,1,0
2011,0,2,2,1,0
2011,0,1,2,1,0
2011,0,0,2,1,0
2011,0,1,0,1,0
2011,0,0,2,1,0
2011,0,2,1,1,0
2011,0,2,1,1,0
2011,0,0,2,1,0
2011,0,0,0,1,0
2011,0,0,1,1,0
2011,2,0,1,2,0
2011,0,0,1,1,0
2011,0,0,1,1,0
2011,0,0,1,1,0
2011,0,2,2,1,0
2011,0,0,0,1,0
2011,0,1,4,1,0
2011,0,0,2,1,0
2011,0,1,0,1,0
2011,0,2,3,1,0
2011,0,0,2,1,0
2011,0,0,1,1,0
2011,0,2,2,1,0
2011,0,0,1,1,0
2011,0,,1,1,0
2011,0,2,1,1,0
2011,2,0,1,2,0
2011,0,2,0,1,0
2011,0,0,1,1,0
2011,6,0,2,1,0
2011,0,0,2,1,0
2011,0,0,1,1,0
2011,0,0,0,1,0
2011,0,1,0,1,0
2011,0,2,1,1,0
2011,0,0,2,1,0
2011,0,1,0,1,0
2010,0,1,0,1,0
2010,0,1,0,1,0
2010,0,0,1,1,0
2010,0,1,3,1,0
2010,0,0,0,1,0
2010,0,0,0,1,0
2010,0,0,0,1,0
2010,0,2,1,1,0
2010,0,2,0,1,0
2010,0,0,0,1,0
2010,0,1,0,1,0
2010,0,0,2,1,0
2010,2,0,0,1,0
2010,0,2,2,1,0
2010,0,0,1,2,0
2010,0,0,1,1,0
2010,0,0,0,1,0
2010,0,0,0,2,0
2010,0,2,1,2,0
2010,0,0,0,2,0
2010,0,3,0,1,0
2010,1,1,1,1,0
2010,0,0,1,1,0
2010,0,2,1,1,0
2010,0,1,0,1,0
2010,0,2,0,1,0
2010,0,1,0,1,0
2010,0,0,0,2,0
2010,0,2,0,1,0
2010,0,2,0,1,0
2010,0,1,0,1,0
2010,0,2,2,1,0
2010,1,2,1,1,0
2010,0,2,2,1,0
2010,4,0,0,1,0
2010,0,1,0,1,0
2010,0,0,0,1,0
2010,0,0,0,1,0
2010,0,0,0,1,0
2010,0,,0,1,0
2010,0,1,0,1,0
2010,0,0,2,1,0
2010,0,2,0,1,0
2010,0,0,0,1,0
2010,0,0,1,1,0
2010,0,0,1,1,0
2010,0,2,1,1,0
2010,0,2,2,1,0
2010,0,0,0,1,0
2010,0,0,1,1,0
2010,0,0,2,1,0
2010,0,0,1,1,0
2010,0,0,0,1,0
2010,0,0,3,1,0
2010,0,3,2,1,0
2010,0,,0,1,0
2010,0,0,0,1,0
2010,0,0,1,1,0
2010,0,2,1,1,0
2010,2,0,3,1,0
2010,0,0,1,1,0
2010,0,3,0,1,0
2010,0,1,0,1,0
2010,0,1,1,1,0
2010,0,1,0,1,0
2010,0,2,1,1,0
2010,0,2,2,1,0
2010,0,2,0,1,0
2010,0,0,0,1,0
2010,0,1,2,1,0
2010,0,0,1,1,0
2010,0,0,2,1,0
2010,0,0,0,1,0
2010,0,0,1,1,0
2010,0,2,2,1,0
2010,0,0,0,1,0
2010,0,2,1,1,0
2010,0,0,2,1,0
2010,0,0,2,1,0
2010,0,3,0,1,0
2010,1,0,1,1,0
2010,0,2,1,1,0
2010,0,0,0,2,0
2010,2,2,1,1,0
2010,0,2,0,1,0
2010,2,0,4,2,0
2010,2,0,4,2,0
2010,2,0,4,1,0
2010,2,0,4,2,0
2010,0,2,0,1,0
2010,0,0,0,1,0
2010,0,2,2,1,0
2010,4,2,0,1,0
2010,0,0,1,1,0
2010,0,0,0,1,0
2010,0,0,1,1,0
2010,0,0,0,1,0
2010,0,0,0,1,0
2010,0,0,0,1,0
2010,0,0,0,1,0
2010,0,2,0,1,0
2010,0,0,0,1,0
2010,0,1,0,1,0
2010,0,0,1,1,0
2010,0,1,2,1,0
2010,0,0,2,1,0
2010,0,2,2,1,0
2010,0,2,1,1,0
2010,0,0,2,1,0
2010,0,0,0,2,0
2010,0,2,1,1,0
2010,0,1,0,1,0
2010,0,3,4,1,0
2010,0,2,2,1,0
2010,0,0,0,1,0
2010,0,1,0,1,0
2010,0,0,0,1,0
2010,0,0,0,1,0
2010,4,0,2,2,0
2010,0,0,0,1,0
2010,0,2,0,1,0
2010,0,0,0,1,0
2010,1,2,2,1,0
2010,0,2,1,1,0
2010,0,0,1,1,0
2010,0,2,0,1,0
2010,0,0,0,1,0
2010,0,2,0,1,0
2010,0,0,0,1,0
2010,0,0,1,1,0
2010,0,0,2,1,0
2010,0,0,1,1,0
2010,2,0,0,1,0
2010,2,2,1,1,0
2010,4,0,2,1,0
2010,2,0,0,1,0
2010,0,3,0,1,0
2010,0,0,0,1,0
2010,2,2,1,1,0
2010,1,1,0,1,0
2010,0,2,2,1,0
2010,0,0,0,1,0
2010,0,2,0,1,0
2010,2,0,1,2,0
2010,0,1,0,2,0
2010,0,3,0,1,0
2010,1,2,1,1,0
2010,0,0,1,1,0
2010,0,0,0,1,0
2010,0,2,1,1,0
2010,0,0,0,1,0
2010,0,0,0,1,0
2010,0,2,1,1,0
2010,4,0,0,1,0
2010,0,0,0,2,0
2010,0,0,0,1,0
2010,0,1,0,1,0
2010,0,1,1,1,0
2010,0,1,2,1,0
2010,0,0,1,1,0
2010,0,0,2,1,0
2010,0,2,0,1,0
2010,0,0,0,1,0
2010,1,0,2,1,0
2010,0,2,1,1,0
2010,0,0,0,1,0
2010,0,0,2,1,0
2010,0,0,2,1,0
2010,4,0,1,1,0
2010,0,2,1,1,0
2010,0,0,2,1,0
2010,0,1,0,1,0
2010,1,0,0,2,0
2010,0,0,0,1,0
2010,0,0,0,1,0
2010,0,0,1,1,0
2010,0,1,1,1,0
2010,0,0,5,1,0
2010,0,2,1,1,0
2010,0,2,1,1,0
2010,0,0,2,1,0
2010,0,0,0,1,0
2010,0,2,2,1,0
2010,2,0,0,2,0
2010,0,0,0,1,0
2010,0,0,2,1,0
2010,2,0,0,1,0
2010,0,0,2,1,0
2010,0,3,0,2,0
2010,0,0,3,1,0
2010,0,0,1,1,0
2010,0,0,0,1,0
2010,1,0,2,1,0
2010,0,0,1,1,0
2010,5,3,0,2,0
2010,0,1,1,1,0
2010,1,1,0,1,0
2010,0,0,2,1,0
2010,0,0,0,1,0
2010,0,3,0,2,0
2010,0,0,0,1,0
2010,0,0,0,2,0
2010,1,2,1,1,0
2010,0,0,1,1,0
2010,2,3,0,1,0
2010,0,1,2,1,0
2010,0,0,1,1,0
2010,5,3,2,1,0
2010,0,0,0,1,0
2010,1,0,1,1,0
2010,0,0,2,1,0
2010,0,1,2,1,0
2010,0,0,2,1,0
2010,0,0,0,1,0
2010,0,0,0,1,0
2010,2,2,0,1,0
2010,0,2,1,1,0
2010,0,2,0,2,0
2010,0,1,0,1,0
2010,0,0,0,1,0
2010,0,0,0,1,0
2010,0,1,0,1,0
2010,2,0,0,1,0
2010,0,0,0,1,0
2010,0,0,0,1,0
2010,0,0,2,1,0
2010,0,0,1,2,0
2010,0,1,0,1,0
2010,0,0,0,1,0
2010,0,0,0,2,0
2010,0,0,1,1,0
2010,0,3,0,1,0
2010,0,1,1,1,0
2010,0,0,0,1,0
2010,0,0,1,1,0
2010,2,0,1,1,0
2010,0,0,0,1,0
2010,0,0,2,1,0
2010,0,0,1,1,0
2010,0,0,1,1,0
2010,0,2,1,1,0
2010,0,0,1,1,0
2010,2,0,1,1,0
2010,0,1,0,1,0
2010,0,0,1,1,0
2010,0,1,0,1,0
2010,0,0,2,1,0
2010,0,0,1,1,0
2010,4,1,1,1,0
2010,0,0,0,2,0
2010,0,0,0,1,0
2010,0,0,0,1,0
2010,0,3,0,1,0
2010,0,2,1,1,0
2010,0,0,0,1,0
2010,0,0,0,1,0
2010,0,1,0,1,0
2010,0,0,0,2,0
2010,1,3,0,1,0
2010,0,1,1,1,0
2010,0,2,1,1,0
2010,0,0,0,2,0
2010,0,0,1,1,0
2010,2,0,0,2,0
2010,5,0,0,1,0
2010,0,0,0,1,0
2010,0,2,0,1,0
2010,0,0,1,1,0
2010,0,0,2,1,0
2010,0,3,0,1,0
2010,0,0,0,1,0
2010,0,1,0,2,0
2010,0,0,0,1,0
2010,0,0,2,1,0
2010,0,0,2,1,0
2010,0,2,1,1,0
2010,0,0,0,1,0
2010,0,0,1,1,0
2010,0,3,0,1,0
2010,2,0,1,1,0
2010,0,0,1,1,0
2010,0,2,0,1,0
2010,0,0,2,1,0
2010,0,1,1,1,0
2010,0,0,0,1,0
2010,0,0,0,1,0
2010,1,0,0,1,0
2010,0,2,1,1,0
2010,0,0,2,1,0
2010,0,1,2,1,0
2010,0,0,1,2,0
2010,0,0,1,1,0
2010,0,2,1,1,0
2010,0,0,0,2,0
2010,0,0,1,1,0
2010,0,0,0,1,0
2010,1,3,0,1,0
2010,2,0,0,2,0
2010,2,0,0,2,0
2010,0,2,1,1,0
2010,0,0,0,1,0
2010,0,2,4,1,0
2010,0,0,0,1,0
2010,0,1,0,1,0
2010,0,0,2,1,0
2010,0,0,2,1,0
2010,0,3,1,1,0
2010,0,2,0,2,0
2010,0,1,1,1,0
2010,0,2,1,1,0
2010,0,2,1,1,0
2010,0,0,0,1,0
2010,0,0,1,1,0
2010,2,0,0,1,0
2010,0,0,2,1,0
2010,0,2,1,1,0
2010,0,0,0,2,0
2010,0,0,0,2,0
2010,0,0,0,2,0
2010,0,0,1,1,0
2010,0,0,3,1,0
2010,0,2,1,1,0
2010,7,0,0,1,0
2010,1,2,0,1,0
2010,0,2,0,1,0
2010,0,0,0,1,0
2010,0,1,1,1,0
2010,2,0,0,2,0
2010,0,0,0,1,0
2010,2,0,0,2,0
2010,2,0,0,2,0
2010,0,2,1,1,0
2010,4,1,1,1,0
2010,0,0,2,1,0
2010,1,1,1,1,0
2010,0,0,0,1,0
2010,0,0,0,1,0
2010,0,0,0,1,0
2010,0,2,0,1,0
2010,0,0,1,1,0
2010,0,0,1,1,0
2010,0,1,0,1,0
2010,0,0,0,1,0
2010,0,3,1,1,0
2010,2,0,0,1,0
2010,0,0,1,1,0
2010,0,0,1,1,0
2010,0,0,2,1,0
2010,0,3,0,1,0
2010,0,0,0,1,0
2010,0,1,0,1,0
2009,0,2,0,1,0
2009,0,0,0,1,0
2009,0,0,1,1,0
2009,0,0,0,1,0
2009,0,0,1,1,0
2009,0,0,1,1,0
2009,0,0,0,1,0
2009,0,0,0,1,0
2009,1,0,0,1,0
2009,0,0,0,1,0
2009,0,0,3,1,0
2009,0,0,2,1,0
2009,0,0,2,1,0
2009,0,0,0,1,0
2009,0,0,0,1,0
2009,0,0,2,1,0
2009,0,0,0,1,0
2009,0,1,0,1,0
2009,0,0,2,1,0
2009,0,0,0,1,0
2009,4,3,0,1,0
2009,0,1,0,1,0
2009,0,0,1,1,0
2009,0,0,2,1,0
2009,0,1,1,1,0
2009,0,1,2,1,0
2009,5,0,0,1,0
2009,0,2,0,1,0
2009,0,2,0,1,0
2009,0,0,1,1,0
2009,0,2,1,1,0
2009,2,0,2,1,0
2009,0,0,0,1,0
2009,2,0,0,1,0
2009,0,0,0,1,0
2009,1,1,0,1,0
2009,0,0,1,1,0
2009,1,3,1,1,0
2009,0,0,1,1,0
2009,0,0,2,1,0
2009,0,1,0,1,0
2009,0,2,0,1,0
2009,0,0,1,1,0
2009,0,0,2,1,0
2009,0,2,1,1,0
2009,2,0,1,2,0
2009,2,0,1,1,0
2009,0,0,0,1,0
2009,0,0,1,1,0
2009,0,2,0,1,0
2009,0,1,0,1,0
2009,0,0,0,1,0
2009,2,0,0,1,0
2009,2,0,0,1,0
2009,4,1,0,1,0
2009,0,2,2,1,0
2009,0,3,0,1,0
2009,6,3,2,1,0
2009,0,3,0,1,0
2009,0,0,1,1,0
2009,2,0,0,2,0
2009,1,2,1,1,0
2009,0,0,1,1,0
2009,0,2,0,1,0
2009,0,1,0,1,0
2009,0,0,1,2,0
2009,0,0,2,1,0
2009,0,0,1,1,0
2009,0,0,1,1,0
2009,0,1,0,1,0
2009,0,1,0,1,0
2009,2,0,0,1,0
2009,0,0,1,1,0
2009,2,0,1,1,0
2009,2,0,1,1,0
2009,0,0,1,1,0
2009,0,2,2,1,0
2009,0,0,2,1,0
2009,2,0,1,1,0
2009,0,0,0,1,0
2009,2,0,1,1,0
2009,0,0,2,1,0
2009,0,3,0,1,0
2009,0,0,2,1,0
2009,0,1,0,1,0
2009,0,1,0,1,0
2009,6,0,0,2,0
2009,1,0,1,1,0
2009,0,1,1,1,0
2009,0,2,1,1,0
2009,0,0,2,1,0
2009,2,0,1,2,0
2009,0,0,2,1,0
2009,0,2,0,1,0
2009,0,0,0,1,0
2009,0,2,0,1,0
2009,0,0,1,1,0
2009,0,0,2,1,0
2009,5,1,0,1,0
2009,2,0,2,1,0
2009,0,0,0,1,0
2009,0,3,2,1,0
2009,0,0,2,1,0
2009,0,2,1,1,0
2009,0,0,0,1,0
2009,0,0,1,1,0
2009,0,0,2,1,0
2009,0,0,0,1,0
2009,0,0,1,1,0
2009,0,1,0,1,0
2009,0,0,1,1,0
2009,0,0,1,1,0
2009,0,3,0,1,0
2009,0,0,1,1,0
2009,0,0,0,1,0
2009,0,0,2,1,0
2009,0,3,2,1,0
2009,0,2,0,1,0
2009,0,0,1,1,0
2009,0,0,2,1,0
2009,0,0,2,1,0
2009,0,0,1,1,0
2009,0,0,0,1,0
2009,0,0,2,1,0
2009,0,0,1,1,0
2009,0,1,0,1,0
2009,0,0,1,1,0
2009,1,0,0,1,0
2009,0,0,0,1,0
2009,1,1,2,1,0
2009,0,2,1,1,0
2009,0,0,0,1,0
2009,0,0,0,1,0
2009,0,1,1,1,0
2009,0,0,0,1,0
2009,0,0,1,1,0
2009,0,0,2,1,0
2009,2,0,2,1,0
2009,2,0,2,2,0
2009,2,0,2,2,0
2009,2,0,2,1,0
2009,2,0,2,2,0
2009,0,0,2,1,0
2009,0,1,0,1,0
2009,0,2,4,1,0
2009,0,0,0,1,0
2009,0,0,1,1,0
2009,0,0,0,1,0
2009,0,1,0,1,0
2009,0,1,0,1,0
2009,0,0,2,1,0
2009,0,0,2,1,0
2009,0,0,1,1,0
2009,0,1,0,1,0
2009,0,0,0,1,0
2009,0,2,1,1,0
2009,0,0,1,1,0
2009,2,0,1,1,0
2009,0,3,1,1,0
2009,0,2,0,1,0
2009,0,0,2,1,0
2009,0,2,1,1,0
2009,0,0,2,1,0
2009,0,0,0,1,0
2009,0,0,1,1,0
2009,0,0,0,1,0
2009,0,0,1,1,0
2009,2,0,1,1,0
2009,0,0,2,1,0
2009,0,0,1,1,0
2009,0,2,1,1,0
2009,0,0,1,1,0
2009,0,0,2,1,0
2009,0,0,1,1,0
2009,0,0,1,1,0
2009,0,0,0,1,0
2009,0,2,2,1,0
2009,0,0,0,1,0
2009,0,0,1,1,0
2009,0,0,2,1,0
2009,2,0,0,1,0
2009,4,2,0,1,0
2009,0,0,2,1,0
2009,0,1,0,1,0
2009,0,1,2,1,0
2009,0,1,0,1,0
2009,0,0,0,1,0
2009,0,0,1,1,0
2009,0,0,1,1,0
2009,0,0,1,1,0
2009,0,0,0,1,0
2009,0,0,2,1,0
2009,0,2,0,1,0
2009,0,0,1,1,0
2009,0,2,5,1,0
2009,2,0,0,2,0
2009,2,0,0,1,0
2009,2,2,0,1,0
2009,0,0,1,1,0
2009,0,0,0,1,0
2009,2,0,1,2,0
2009,2,0,1,2,0
2009,2,0,1,2,0
2009,2,0,1,2,0
2009,0,1,1,1,0
2009,0,0,1,1,0
2009,0,2,1,1,0
2009,0,2,2,1,0
2009,0,1,0,1,0
2009,0,0,1,1,0
2009,0,0,2,1,0
2009,0,2,0,1,0
2009,0,0,0,1,0
2009,0,3,0,1,0
2009,0,0,1,1,0
2009,0,0,0,1,0
2009,0,0,1,1,0
2009,0,2,0,1,0
2009,0,0,4,2,0
2009,0,2,4,1,0
2009,0,0,1,1,0
2009,0,0,2,1,0
2009,0,2,0,1,0
2009,0,0,0,1,0
2009,2,0,1,1,0
2009,0,0,1,1,0
2009,0,3,4,1,0
2009,2,0,0,1,0
2009,0,0,1,1,0
2009,4,0,1,1,0
2009,0,2,0,1,0
2009,0,,1,1,0
2009,0,0,1,1,0
2009,5,0,0,1,0
2009,0,0,0,1,0
2009,1,3,0,1,0
2009,0,0,1,1,0
2009,0,1,0,2,0
2009,0,0,2,1,0
2009,0,,0,1,0
2009,2,0,0,2,0
2009,0,0,2,1,0
2009,0,0,2,1,0
2009,0,2,0,1,0
2009,0,0,1,1,0
2009,0,0,0,1,0
2009,0,2,2,1,0
2009,0,0,1,1,0
2009,2,0,0,1,0
2009,2,0,0,1,0
2009,0,2,0,1,0
2009,0,3,2,1,0
2009,0,0,0,1,0
2009,0,0,0,1,0
2009,0,0,2,1,0
2009,0,0,0,1,0
2009,2,0,0,1,0
2009,2,0,0,2,0
2009,0,2,0,1,0
2009,1,1,1,1,0
2009,0,0,0,1,0
2009,0,0,0,1,0
2009,0,0,3,2,0
2009,1,0,1,1,0
2009,0,0,0,1,0
2009,0,0,4,1,0
2009,0,3,0,1,0
2009,0,0,2,1,0
2009,0,0,2,1,0
2009,2,0,1,1,0
2009,0,0,1,1,0
2009,1,0,0,1,0
2009,0,0,1,1,0
2009,0,1,2,1,0
2009,5,2,1,1,0
2009,0,0,0,1,0
2009,0,0,0,1,0
2009,0,0,0,1,0
2009,0,0,1,1,0
2009,0,0,0,1,0
2009,0,3,2,1,0
2009,0,0,1,1,0
2009,0,1,0,1,0
2009,0,0,2,1,0
2009,2,0,4,1,0
2009,0,1,0,1,0
2009,0,2,1,1,0
2009,0,1,0,2,0
2009,2,0,1,1,0
2009,0,0,2,1,0
2009,0,0,0,1,0
2009,0,0,0,1,0
2009,0,3,2,1,0
2009,2,0,2,2,0
2009,0,0,1,1,0
2009,0,0,0,1,0
2009,0,0,1,1,0
2009,0,0,1,1,0
2009,0,1,0,1,0
2009,0,1,0,1,0
2009,0,0,1,1,0
2009,0,0,2,1,0
2009,0,3,0,1,0
2009,0,0,2,1,0
2009,0,0,0,1,0
2009,0,1,0,1,0
2009,0,0,1,1,0
2009,0,2,0,1,0
2009,0,0,2,1,0
2009,0,1,0,1,0
2009,0,0,1,1,0
2009,0,0,2,1,0
2009,2,0,3,2,0
2009,0,0,1,1,0
2009,0,0,1,1,0
2009,0,3,0,1,0
2009,0,1,0,2,0
2009,2,0,0,1,0
2009,0,3,0,1,0
2009,0,2,2,1,0
2009,2,0,0,2,0
2009,0,1,1,1,0
2009,0,0,1,1,0
2009,2,2,0,1,0
2009,0,0,2,1,0
2009,0,0,1,1,0
2009,0,0,1,1,0
2009,0,0,2,1,0
2009,0,2,0,1,0
2009,2,0,0,1,0
2009,0,3,0,1,0
2009,0,0,1,1,0
2009,0,0,1,1,0
2009,0,0,2,1,0
2009,0,0,4,1,0
2009,0,1,2,1,0
2009,0,0,1,1,0
2009,0,2,1,1,0
2009,0,0,1,1,0
2009,0,0,0,1,0
2009,0,0,2,1,0
2008,0,0,2,1,0
2008,2,0,1,2,0
2008,0,2,2,1,0
2008,0,0,0,1,0
2008,0,1,0,1,0
2008,0,0,0,1,0
2008,0,0,2,1,0
2008,2,0,1,1,0
2008,2,0,1,1,0
2008,2,0,1,1,0
2008,2,0,1,1,0
2008,0,2,2,1,0
2008,0,1,0,1,0
2008,0,2,1,1,0
2008,0,0,1,1,0
2008,0,0,1,1,0
2008,0,0,2,1,0
2008,0,3,1,1,0
2008,0,0,0,1,0
2008,4,0,1,2,0
2008,0,0,0,1,0
2008,0,0,2,1,0
2008,0,0,1,1,0
2008,0,2,0,1,0
2008,0,3,0,1,0
2008,0,3,2,1,0
2008,0,0,1,1,0
2008,0,3,2,1,0
2008,0,0,2,1,0
2008,0,0,1,1,0
2008,0,2,1,1,0
2008,0,1,0,1,0
2008,0,2,2,1,0
2008,0,1,0,1,0
2008,0,2,1,1,0
2008,0,0,1,1,0
2008,2,0,2,1,0
2008,0,2,1,1,0
2008,0,2,2,1,0
2008,0,2,1,1,0
2008,0,0,2,1,0
2008,0,1,0,1,0
2008,0,0,1,1,0
2008,0,0,1,1,0
2008,0,0,2,1,0
2008,0,2,2,1,0
2008,0,1,1,1,0
2008,0,2,1,1,0
2008,0,2,2,1,0
2008,0,0,2,1,0
2008,2,3,0,1,0
2008,2,3,0,1,0
2008,0,0,0,1,0
2008,2,0,1,1,0
2008,0,1,0,1,0
2008,0,2,1,1,0
2008,1,1,2,1,0
2008,0,0,0,1,0
2008,0,1,0,1,0
2008,0,0,4,1,0
2008,1,2,0,1,0
2008,0,0,1,1,0
2008,0,0,1,1,0
2008,0,0,2,1,0
2008,0,0,0,1,0
2008,0,1,1,1,0
2008,0,0,0,1,0
2008,4,2,0,1,0
2008,0,2,0,1,0
2008,0,0,1,1,0
2008,0,0,3,1,0
2008,0,0,2,1,0
2008,0,2,2,1,0
2008,0,0,1,1,0
2008,0,0,2,1,0
2008,1,3,0,1,0
2008,0,0,2,1,0
2008,0,1,0,1,0
2008,0,1,0,1,0
2008,0,2,0,1,0
2008,0,0,4,1,0
2008,2,0,0,2,0
2008,2,0,0,1,0
2008,6,0,2,1,0
2008,1,0,1,1,0
2008,0,3,0,1,0
2008,0,2,2,1,0
2008,0,2,0,1,0
2008,0,2,0,1,0
2008,0,0,1,1,0
2008,0,0,1,1,0
2008,0,0,1,1,0
2008,0,0,0,1,0
2008,0,2,1,1,0
2008,0,3,2,1,0
2008,0,2,1,1,0
2008,0,2,1,1,0
2008,0,2,2,1,0
2008,0,2,2,1,0
2008,0,2,1,1,0
2008,0,1,0,1,0
2008,0,1,0,1,0
2008,0,2,1,1,0
2008,0,0,2,1,0
2008,0,0,1,1,0
2008,0,0,0,1,0
2008,0,0,0,1,0
2008,0,2,1,1,0
2008,5,0,1,1,0
2008,5,0,1,1,0
2008,2,0,2,2,0
2008,2,0,2,1,0
2008,0,0,2,1,0
2008,0,0,0,1,0
2008,0,0,2,1,0
2008,0,0,1,1,0
2008,1,2,1,1,0
2008,0,0,3,1,0
2008,0,2,1,1,0
2008,0,0,0,1,0
2008,0,0,1,1,0
2008,0,0,2,1,0
2008,0,0,0,1,0
2008,0,2,1,1,0
2008,0,2,0,1,0
2008,0,1,0,2,0
2008,0,0,1,1,0
2008,0,1,0,1,0
2008,0,0,0,1,0
2008,5,0,0,1,0
2008,4,0,1,1,0
2008,1,3,1,1,0
2008,0,0,2,1,0
2008,0,0,0,1,0
2008,0,2,2,1,0
2008,2,2,1,1,0
2008,0,0,1,1,0
2008,0,2,2,1,0
2008,4,3,1,1,0
2008,1,1,1,1,0
2008,0,0,1,1,0
2008,0,2,2,1,0
2008,0,0,0,1,0
2008,0,0,2,1,0
2008,1,2,1,1,0
2008,0,0,1,1,0
2008,0,1,0,1,0
2008,0,0,2,1,0
2008,0,0,2,1,0
2008,1,2,1,1,0
2008,2,0,0,1,0
2008,0,0,1,1,0
2008,6,0,1,1,0
2008,0,0,0,1,0
2008,2,2,0,1,0
2008,0,0,0,1,0
2008,2,0,0,1,0
2008,0,2,2,1,0
2008,0,0,1,1,0
2008,0,0,0,1,0
2008,2,0,1,1,0
2008,0,2,0,1,0
2008,0,0,0,1,0
2008,0,2,2,1,0
2008,0,1,3,1,0
2008,0,1,1,1,0
2008,0,2,0,1,0
2008,0,2,0,1,0
2008,0,2,3,1,0
2008,0,1,1,1,0
2008,0,2,1,1,0
2008,0,3,0,1,0
2008,0,0,1,1,0
2008,0,0,0,2,0
2008,0,0,0,1,0
2008,6,3,0,1,0
2008,0,0,2,1,0
2008,0,0,3,1,0
2008,0,2,5,1,0
2008,0,0,2,1,0
2008,0,0,2,1,0
2008,0,2,0,1,0
2008,0,0,0,1,0
2008,0,0,0,1,0
2008,0,0,0,1,0
2008,0,0,0,1,0
2008,0,2,1,1,0
2008,1,0,0,1,0
2008,0,2,0,1,0
2008,2,0,0,2,0
2008,0,0,1,1,0
2008,0,0,1,1,0
2008,0,2,2,1,0
2008,0,2,1,1,0
2008,0,0,1,1,0
2008,0,0,1,1,0
2008,0,0,2,1,0
2008,2,0,1,2,0
2008,0,2,2,1,0
2008,0,0,2,1,0
2008,0,2,2,1,0
2008,0,0,2,1,0
2008,1,1,0,1,0
2008,0,1,5,1,0
2008,0,1,1,1,0
2008,0,0,0,1,0
2008,1,0,1,1,0
2008,0,0,2,1,0
2008,0,0,2,1,0
2008,0,0,0,1,0
2008,0,1,3,1,0
2008,0,3,0,1,0
2008,0,0,2,1,0
2008,0,1,0,1,0
2008,0,2,1,1,0
2008,0,0,2,1,0
2008,0,0,2,1,0
2008,0,0,0,1,0
2008,0,0,0,1,0
2008,0,0,1,1,0
2008,4,0,0,2,0
2008,0,0,1,1,0
2008,0,2,0,1,0
2008,2,0,0,1,0
2008,0,0,1,1,0
2008,2,0,1,2,0
2008,0,0,2,1,0
2008,0,0,0,1,0
2008,0,0,2,1,0
2008,0,0,2,1,0
2008,0,1,0,1,0
2008,0,1,0,1,0
2008,0,0,2,1,0
2008,0,0,2,1,0
2008,0,0,1,1,0
2008,0,0,1,2,0
2008,0,0,2,1,0
2008,0,0,0,1,0
2008,2,0,0,1,0
2008,0,1,0,2,0
2008,0,1,2,1,0
2008,0,0,1,1,0
2008,0,2,2,1,0
2008,0,0,2,1,0
2008,0,2,2,1,0
2008,0,0,2,1,0
2008,0,0,1,1,0
2008,0,0,1,1,0
2008,0,0,2,1,0
2008,0,0,1,1,0
2008,0,2,0,1,0
2008,0,2,2,1,0
2008,2,2,0,2,0
2008,0,0,1,1,0
2008,2,0,0,1,0
2008,0,0,1,1,0
2008,0,1,0,1,0
2008,1,0,1,1,0
2008,0,1,0,1,0
2008,1,2,0,1,0
2008,1,3,1,1,0
2008,0,1,0,1,0
2008,0,2,1,1,0
2008,0,0,0,1,0
2008,0,0,0,1,0
2008,1,3,0,1,0
2008,0,0,1,2,0
2008,0,0,1,1,0
2008,0,2,1,1,0
2008,0,2,0,1,0
2008,0,0,1,1,0
2008,0,2,2,1,0
2007,0,0,2,1,0
2007,0,2,3,1,0
2007,0,1,0,2,0
2007,0,0,2,1,0
2007,0,0,0,1,0
2007,0,0,0,1,0
2007,0,0,0,1,0
2007,0,0,1,1,0
2007,2,0,0,1,0
2007,2,0,0,2,0
2007,2,0,0,2,0
2007,0,2,0,2,0
2007,2,0,1,1,0
2007,2,0,1,1,0
2007,0,0,2,1,0
2007,0,1,1,1,0
2007,0,0,0,1,0
2007,0,0,0,1,0
2007,1,3,1,1,0
2007,0,0,1,1,0
2007,0,0,3,1,0
2007,1,3,2,1,0
2007,0,0,1,1,0
2007,0,0,0,1,0
2007,0,2,0,1,0
2007,0,0,0,1,0
2007,1,3,1,1,0
2007,1,2,0,1,0
2007,0,2,1,1,0
2007,0,0,0,2,0
2007,0,0,1,1,0
2007,0,0,2,1,0
2007,0,1,0,1,0
2007,1,2,1,1,0
2007,0,2,1,1,0
2007,0,0,2,1,0
2007,0,1,0,1,0
2007,0,0,1,1,0
2007,0,1,1,1,0
2007,0,2,1,1,0
2007,2,0,1,2,0
2007,1,2,1,1,0
2007,0,0,2,2,0
2007,4,0,0,2,0
2007,0,0,1,1,0
2007,2,0,0,1,0
2007,0,0,1,1,0
2007,0,2,0,1,0
2007,0,0,1,1,0
2007,0,0,0,1,0
2007,0,0,2,1,0
2007,0,0,1,1,0
2007,0,2,1,2,0
2007,0,1,1,1,0
2007,0,0,0,1,0
2007,2,0,2,1,0
2007,2,0,2,1,0
2007,0,2,2,1,0
2007,0,0,0,1,0
2007,0,2,0,1,0
2007,1,1,0,1,0
2007,0,0,0,1,0
2007,0,0,0,1,0
2007,0,0,1,1,0
2007,0,2,1,1,0
2007,0,2,1,1,0
2007,0,0,0,1,0
2007,1,0,1,1,0
2007,0,2,1,1,0
2007,0,2,2,1,0
2007,0,3,2,1,0
2007,0,2,0,1,0
2007,0,2,2,1,0
2007,0,2,2,2,0
2007,2,0,0,1,0
2007,0,0,2,1,0
2007,0,0,1,1,0
2007,0,0,1,1,0
2007,0,1,0,1,0
2007,0,1,2,1,0
2007,1,1,0,1,0
2007,0,2,2,1,0
2007,0,0,0,1,0
2007,0,0,1,1,0
2007,1,1,1,1,0
2007,0,1,1,1,0
2007,0,0,1,1,0
2007,7,1,0,1,0
2007,0,0,1,1,0
2007,0,0,0,1,0
2007,2,0,0,1,0
2007,0,2,0,1,0
2007,0,0,2,2,0
2007,2,2,0,2,0
2007,0,2,1,1,0
2007,0,1,0,1,0
2007,0,1,1,1,0
2007,5,3,2,1,0
2007,0,1,0,1,0
2007,0,2,2,1,0
2007,2,0,0,1,0
2007,0,1,0,1,0
2007,0,3,0,1,0
2007,0,0,0,1,0
2007,0,2,1,1,0
2007,0,2,1,1,0
2007,0,0,1,1,0
2007,0,2,0,1,0
2007,1,0,1,1,0
2007,0,0,0,1,0
2007,0,2,0,1,0
2007,0,0,1,1,0
2007,0,2,2,1,0
2007,0,0,0,1,0
2007,0,2,1,1,0
2007,0,0,1,1,0
2007,2,0,0,1,0
2007,2,0,0,1,0
2007,2,0,0,2,0
2007,0,0,0,1,0
2007,0,0,1,1,0
2007,0,0,1,1,0
2007,2,0,0,2,0
2007,2,0,0,1,0
2007,2,0,0,1,0
2007,0,2,1,1,0
2007,0,0,1,2,0
2007,0,2,0,1,0
2007,0,0,0,1,0
2007,0,0,1,1,0
2007,0,1,0,1,0
2007,0,2,1,1,0
2007,0,0,2,1,0
2007,0,0,0,1,0
2007,0,0,2,1,0
2007,0,2,1,1,0
2007,0,2,2,1,0
2007,0,2,1,1,0
2007,2,0,0,1,0
2007,0,1,0,2,0
2007,0,1,0,1,0
2007,0,1,1,1,0
2007,0,0,2,1,0
2007,0,2,1,1,0
2007,0,0,2,1,0
2007,0,1,3,1,0
2007,0,2,2,1,0
2007,0,0,0,1,0
2007,1,2,0,1,0
2007,0,2,2,1,0
2007,0,2,2,1,0
2007,0,2,0,1,0
2007,0,2,2,1,0
2007,0,2,2,1,0
2007,0,2,1,1,0
2007,1,1,1,2,0
2007,0,0,1,1,0
2007,0,0,2,1,0
2007,0,0,2,1,0
2007,4,3,0,1,0
2007,0,0,0,1,0
2007,5,0,2,1,0
2007,2,2,0,1,0
2007,0,0,0,1,0
2007,0,3,0,1,0
2007,0,2,2,1,0
2007,0,0,2,1,0
2007,0,0,0,1,0
2007,0,0,0,1,0
2007,0,0,1,1,0
2007,0,2,1,1,0
2007,1,0,0,1,0
2007,2,0,1,2,0
2007,0,1,1,1,0
2007,0,0,1,1,0
2007,0,2,2,1,0
2007,0,0,0,1,0
2007,0,2,2,1,0
2007,0,2,2,1,0
2007,2,2,1,1,0
2007,0,2,0,1,0
2007,1,2,1,1,0
2007,0,0,0,1,0
2007,0,0,1,1,0
2007,0,0,0,1,0
2007,0,0,2,1,0
2007,0,,4,1,0
2007,2,2,3,1,0
2007,2,2,0,1,0
2007,0,1,2,1,0
2007,0,0,1,1,0
2007,0,2,1,1,0
2007,0,2,2,1,0
2007,0,0,0,1,0
2007,0,0,2,1,0
2007,0,0,0,1,0
2007,0,0,4,1,0
2007,0,0,1,1,0
2007,0,0,0,1,0
2007,0,0,1,1,0
2007,0,0,1,1,0
2007,0,1,0,2,0
2007,0,2,0,1,0
2007,0,2,0,1,0
2007,0,0,2,1,0
2007,0,0,0,1,0
2007,0,2,4,1,0
2007,0,0,1,1,0
2007,0,0,1,2,0
2007,0,1,2,1,0
2007,0,2,2,1,0
2007,0,2,2,1,0
2007,0,2,0,1,0
2007,0,0,0,1,0
2007,0,0,2,1,0
2007,0,0,2,1,0
2007,2,0,0,2,0
2007,0,2,2,1,0
2007,0,0,1,1,0
2007,0,0,0,2,0
2007,0,2,0,1,0
2007,0,0,1,1,0
2007,0,1,0,1,0
2007,0,1,0,1,0
2007,0,0,2,1,0
2007,0,1,1,1,0
2007,0,1,1,1,0
2007,0,1,2,1,0
2007,2,0,1,2,0
2007,0,0,0,1,0
2007,2,2,1,1,0
2007,0,1,2,1,0
2006,2,0,0,1,0
2006,0,3,0,1,0
2006,0,2,2,1,0
2006,0,0,2,1,0
2006,0,0,0,2,0
2006,0,0,0,1,0
2006,0,2,1,1,0
2006,0,0,1,1,0
2006,0,2,2,1,0
2006,0,0,1,1,0
2006,4,1,0,1,0
2006,2,0,0,2,0
2006,2,0,0,1,0
2006,0,1,0,1,0
2006,0,2,2,1,0
2006,0,2,2,1,0
2006,0,0,0,1,0
2006,0,1,0,2,0
2006,0,0,1,1,0
2006,0,0,1,2,0
2006,0,0,4,1,0
2006,0,0,1,1,0
2006,1,0,1,1,0
2006,0,2,0,1,0
2006,0,2,0,1,0
2006,0,2,0,1,0
2006,0,0,0,1,0
2006,0,2,2,1,0
2006,0,0,2,1,0
2006,0,0,0,1,0
2006,0,2,2,1,0
2006,0,0,1,1,0
2006,0,2,1,1,0
2006,1,1,0,1,0
2006,0,2,1,1,0
2006,0,0,1,1,0
2006,0,1,0,1,0
2006,0,0,1,1,0
2006,0,2,5,1,0
2006,0,3,0,1,0
2006,0,2,2,1,0
2006,1,0,1,1,0
2006,0,1,0,1,0
2006,0,0,2,1,0
2006,0,1,1,1,0
2006,0,0,0,1,0
2006,0,2,0,1,0
2006,0,0,0,1,0
2006,0,0,0,2,0
2006,2,0,0,2,0
2006,0,0,0,1,0
2006,1,3,1,1,0
2006,0,0,0,1,0
2006,0,0,1,1,0
2006,2,0,0,2,0
2006,2,0,0,2,0
2006,2,0,1,2,0
2006,1,2,1,1,0
2006,0,2,2,1,0
2006,0,0,0,1,0
2006,2,0,0,1,0
2006,2,0,0,1,0
2006,2,0,0,1,0
2006,2,0,0,2,0
2006,5,1,0,1,0
2006,6,1,0,1,0
2006,0,0,0,1,0
2006,0,1,0,1,0
2006,4,0,1,1,0
2006,0,0,1,1,0
2006,0,3,0,1,0
2006,0,2,2,1,0
2006,0,2,1,1,0
2006,0,2,1,1,0
2006,0,2,2,2,0
2006,0,2,1,1,0
2006,0,0,1,1,0
2006,0,2,2,1,0
2006,0,2,2,1,0
2006,0,2,2,1,0
2006,0,2,0,1,0
2006,0,1,1,1,0
2006,0,3,0,1,0
2006,0,2,1,1,0
2006,0,0,2,1,0
2006,0,0,0,1,0
2006,2,0,1,2,0
2006,2,0,1,2,0
2006,0,0,1,1,0
2006,0,2,0,1,0
2006,0,0,1,1,0
2006,4,3,1,1,0
2006,0,2,0,2,0
2006,0,0,1,1,0
2006,0,2,1,1,0
2006,2,0,2,1,0
2006,0,2,2,1,0
2006,0,3,2,1,0
2006,0,0,1,1,0
2006,0,2,1,1,0
2006,0,0,1,1,0
2006,0,0,3,1,0
2006,0,0,0,2,0
2006,5,2,0,1,0
2006,0,1,0,1,0
2006,0,0,0,1,0
2006,0,0,1,1,0
2006,2,3,0,1,0
2006,0,0,1,1,0
2006,0,0,2,1,0
2006,0,2,2,1,0
2006,0,0,0,1,0
2006,0,1,0,1,0
2006,2,0,2,1,0
2006,1,1,0,1,0
2006,0,2,2,1,0
2006,0,0,1,1,0
2006,0,0,1,1,0
2006,2,0,2,1,0
2006,2,0,0,2,0
2006,0,2,0,1,0
2006,0,0,0,1,0
2006,0,2,1,1,0
2006,0,1,0,1,0
2006,0,1,0,1,0
2006,0,0,0,1,0
2006,0,0,0,2,0
2006,0,0,3,1,0
2006,0,2,1,2,0
2006,1,0,1,1,0
2006,0,2,0,1,0
2006,0,2,0,1,0
2006,0,0,0,1,0
2006,0,0,1,1,0
2006,0,2,1,1,0
2006,0,0,2,1,0
2006,0,0,4,1,0
2006,0,0,4,1,0
2006,0,1,3,1,0
2006,0,0,2,1,0
2006,0,2,0,1,0
2006,0,0,2,1,0
2006,3,2,1,1,0
2006,0,0,0,1,0
2006,0,2,0,1,0
2006,1,1,2,1,0
2006,0,2,1,1,0
2006,0,0,1,1,0
2006,0,1,0,1,0
2006,4,0,1,1,0
2006,0,2,2,1,0
2006,2,0,0,2,0
2006,0,3,1,1,0
2006,0,0,0,1,0
2006,0,3,0,1,0
2006,0,1,1,1,0
2006,0,0,1,1,0
2006,0,0,1,1,0
2006,0,0,0,2,0
2006,0,0,2,1,0
2006,0,1,1,1,0
2006,0,0,0,1,0
2006,0,0,2,2,0
2006,0,1,2,1,0
2006,0,2,2,1,0
2006,0,0,1,1,0
2006,0,2,2,1,0
2006,0,2,1,1,0
2006,0,2,3,1,0
2006,0,0,1,1,0
2006,0,0,2,1,0
2006,1,1,1,2,0
2006,1,2,2,1,0
2006,0,2,2,1,0
2006,1,0,2,1,0
2006,0,1,0,2,0
2006,0,0,1,1,0
2006,0,0,0,1,0
2006,0,0,0,2,0
2006,2,0,2,2,0
2006,0,0,1,1,0
2006,0,1,1,1,0
2006,0,0,1,1,0
2006,0,0,4,1,0
2006,0,0,1,1,0
2006,0,2,0,1,0
2006,0,1,1,1,0
2006,2,0,2,1,0
2006,0,0,0,1,0
2006,0,0,0,1,0
2006,2,0,2,1,0
2006,1,2,0,1,0
2006,4,0,0,1,0
2006,0,0,0,1,0
2006,0,0,0,1,0
2006,0,1,0,1,0
2006,4,0,1,1,0
2006,0,0,0,1,0
2006,0,0,1,1,0
2006,0,1,0,1,0
2006,0,0,1,1,0
2006,0,0,2,1,0
2006,0,0,2,2,0
2006,0,1,1,2,0
2006,0,2,2,1,0
2006,0,0,0,1,0
2006,0,2,2,1,0
2006,0,0,1,1,0
2006,0,2,0,1,0
2006,0,2,0,1,0
2006,0,0,0,1,0
2006,2,0,2,1,0
2006,2,0,2,1,0
2006,2,0,2,2,0
2006,2,0,2,1,0
2006,0,2,1,1,0
2006,0,2,1,1,0
2006,0,2,2,1,0
2006,0,1,0,1,0
2006,0,3,2,1,0
2006,0,2,2,1,0
2006,0,2,2,1,0
2006,2,0,1,1,0
2006,0,1,0,1,0
2006,0,0,1,1,0
2006,0,2,1,1,0
2006,0,2,1,1,0
2006,0,3,0,1,0
2006,0,0,0,1,0
2006,0,2,2,1,0
2006,5,0,1,1,0
2006,0,0,1,1,0
2006,0,0,1,1,0
2006,0,0,0,1,0
2006,2,0,0,1,0
2006,0,0,2,1,0
2006,5,0,3,1,0
2006,0,1,1,2,0
2006,0,0,0,1,0
2006,0,0,2,1,0
2006,0,0,0,1,0
2006,3,0,1,1,0
2006,0,0,0,1,0
2006,0,0,0,1,0
2006,0,0,0,1,0
2006,0,1,0,1,0
2006,1,3,2,1,0
2006,0,0,0,1,0
2006,0,0,2,1,0
2006,0,0,1,1,0
2005,0,0,0,1,0
2005,0,1,1,1,0
2005,0,0,1,1,0
2005,0,0,0,1,0
2005,0,0,2,1,0
2005,2,0,1,2,0
2005,0,0,1,1,0
2005,0,2,0,1,0
2005,0,0,0,1,0
2005,0,1,2,1,0
2005,0,1,2,1,0
2005,0,0,0,1,0
2005,0,1,0,1,0
2005,1,3,0,1,0
2005,0,0,1,1,0
2005,0,1,0,1,0
2005,0,0,1,1,0
2005,0,0,0,1,0
2005,1,2,0,1,0
2005,0,0,0,2,0
2005,0,0,0,1,0
2005,2,2,2,1,0
2005,0,2,0,1,0
2005,0,2,1,1,0
2005,0,0,0,1,0
2005,0,0,2,1,0
2005,0,1,0,1,0
2005,0,0,0,1,0
2005,1,1,0,1,0
2005,0,1,0,2,0
2005,0,1,0,1,0
2005,0,0,0,1,0
2005,0,0,2,1,0
2005,0,0,2,1,0
2005,2,0,0,2,0
2005,0,0,2,1,0
2005,0,0,2,1,0
2005,1,0,2,1,0
2005,0,0,0,1,0
2005,0,0,1,1,0
2005,0,0,1,1,0
2005,0,2,1,1,0
2005,0,0,0,1,0
2005,0,2,1,1,0
2005,1,1,0,1,0
2005,0,0,0,1,0
2005,0,0,0,2,0
2005,0,0,0,1,0
2005,0,3,0,1,0
2005,0,0,0,2,0
2005,0,0,1,1,0
2005,0,0,1,1,0
2005,0,2,2,1,0
2005,4,1,1,1,0
2005,0,0,4,1,0
2005,0,0,0,1,0
2005,0,0,1,1,0
2005,0,0,2,1,0
2005,0,2,0,1,0
2005,0,0,0,1,0
2005,1,3,1,1,0
2005,0,2,1,1,0
2005,1,3,0,1,0
2005,2,0,0,1,0
2005,0,0,2,1,0
2005,0,2,1,1,0
2005,0,0,2,1,0
2005,0,3,0,1,0
2005,0,2,1,1,0
2005,0,0,1,1,0
2005,0,1,1,1,0
2005,0,3,0,1,0
2005,0,1,0,1,0
2005,0,0,1,1,0
2005,0,0,1,1,0
2005,0,0,1,1,0
2005,0,2,0,2,0
2005,0,0,1,1,0
2005,0,0,2,1,0
2005,0,2,0,1,0
2005,0,0,0,1,0
2005,0,0,0,1,0
2005,0,0,2,1,0
2005,0,0,3,1,0
2005,0,0,3,1,0
2005,0,2,0,1,0
2005,2,0,5,1,0
2005,0,2,0,1,0
2005,0,0,2,1,0
2005,3,0,2,1,0
2005,0,2,2,1,0
2005,0,2,2,1,0
2005,5,0,1,1,0
2005,0,2,0,1,0
2005,0,0,1,1,0
2005,0,2,2,1,0
2005,0,2,2,1,0
2005,1,3,1,1,0
2005,0,2,0,1,0
2005,0,2,0,1,0
2005,0,2,0,1,0
2005,0,2,2,1,0
2005,0,0,2,1,0
2005,0,2,2,1,0
2005,0,2,2,1,0
2005,0,3,2,2,0
2005,0,3,2,1,0
2005,0,0,1,1,0
2005,0,2,2,1,0
2005,0,0,1,1,0
2005,0,0,4,1,0
2005,0,0,0,1,0
2005,0,2,0,1,0
2005,0,2,2,1,0
2005,0,0,0,1,0
2005,0,0,1,1,0
2005,1,3,1,1,0
2005,0,0,1,1,0
2005,0,0,0,2,0
2005,2,0,1,2,0
2005,0,2,0,1,0
2005,1,2,1,1,0
2005,5,0,0,1,0
2005,0,0,2,1,0
2005,1,1,0,1,0
2005,0,1,1,1,0
2005,0,2,1,1,0
2005,0,2,2,1,0
2005,0,2,1,1,0
2005,0,2,2,1,0
2005,0,0,2,1,0
2005,0,0,1,1,0
2005,0,0,2,1,0
2005,0,2,1,1,0
2005,0,0,1,1,0
2005,0,0,2,1,0
2005,0,2,2,1,0
2005,0,2,1,1,0
2005,0,2,2,1,0
2005,4,0,1,1,0
2005,0,0,2,1,0
2005,0,0,0,1,0
2005,0,0,1,1,0
2005,0,2,0,1,0
2005,2,2,2,1,0
2005,0,0,1,1,0
2005,0,0,0,2,0
2005,1,0,0,1,0
2005,0,0,2,1,0
2005,0,2,1,1,0
2005,0,2,1,1,0
2005,6,2,1,1,0
2005,0,2,1,1,0
2005,0,1,0,1,0
2005,0,0,1,1,0
2005,0,2,1,1,0
2005,0,0,1,1,0
2005,2,0,0,2,0
2005,6,0,1,1,0
2005,0,0,0,1,0
2005,0,0,1,1,0
2005,0,2,2,1,0
2005,0,2,2,1,0
2005,0,3,1,1,0
2005,0,2,1,1,0
2005,0,0,0,1,0
2005,0,2,2,1,0
2005,0,2,0,1,0
2005,2,0,0,2,0
2005,0,0,4,1,0
2005,0,0,1,1,0
2005,0,0,0,1,0
2005,0,1,1,1,0
2005,0,2,2,1,0
2005,0,0,1,1,0
2005,0,2,2,1,0
2005,0,0,2,1,0
2005,2,0,1,1,0
2005,2,0,1,1,0
2005,0,0,0,1,0
2005,0,0,1,1,0
2005,0,1,1,1,0
2005,0,0,1,1,0
2005,0,2,3,1,0
2005,1,1,0,1,0
2005,0,1,0,1,0
2005,0,0,0,1,0
2005,0,2,2,1,0
2005,0,0,0,1,0
2005,2,0,3,1,0
2005,0,2,2,1,0
2005,0,2,2,1,0
2005,0,0,0,1,0
2005,0,2,1,1,0
2005,0,2,2,1,0
2005,0,2,1,1,0
2005,0,2,1,1,0
2005,0,2,1,1,0
2005,0,0,3,1,0
2005,0,0,3,1,0
2005,0,2,1,2,0
2005,0,3,0,2,0
2005,4,0,1,2,0
2005,0,1,2,1,0
2005,0,1,0,1,0
2005,0,2,2,1,0
2005,0,0,2,1,0
2004,0,0,2,1,0
2004,1,0,1,1,0
2004,0,1,2,1,0
2004,0,1,0,1,0
2004,0,2,0,1,0
2004,0,2,2,1,0
2004,0,1,0,1,0
2004,1,0,0,1,0
2004,0,2,1,1,0
2004,0,0,0,1,0
2004,0,1,2,1,0
2004,0,2,2,1,0
2004,0,0,1,2,0
2004,0,2,2,1,0
2004,5,0,1,1,0
2004,0,0,1,1,0
2004,0,0,1,1,0
2004,0,2,2,1,0
2004,0,2,2,1,0
2004,0,0,0,1,0
2004,0,0,0,1,0
2004,0,1,1,1,0
2004,0,2,1,1,0
2004,0,2,2,1,0
2004,0,0,0,1,0
2004,0,1,1,1,0
2004,3,1,2,1,0
2004,0,0,1,1,0
2004,0,0,4,1,0
2004,2,0,0,2,0
2004,0,1,1,1,0
2004,0,2,1,1,0
2004,0,2,0,1,0
2004,0,0,0,1,0
2004,2,0,0,2,0
2004,0,2,1,1,0
2004,0,1,1,1,0
2004,3,0,0,2,0
2004,0,2,2,1,0
2004,2,0,1,2,0
2004,0,0,1,1,0
2004,2,0,2,2,0
2004,2,0,2,1,0
2004,2,0,2,1,0
2004,2,0,2,1,0
2004,0,0,0,1,0
2004,0,1,2,1,0
2004,0,0,2,1,0
2004,0,0,3,1,0
2004,0,2,2,1,0
2004,0,0,0,2,0
2004,0,1,1,1,0
2004,5,0,2,1,0
2004,0,1,0,1,0
2004,0,1,0,1,0
2004,0,0,1,1,0
2004,0,0,1,1,0
2004,0,2,2,2,0
2004,0,0,1,1,0
2004,0,0,0,1,0
2004,0,0,0,1,0
2004,0,0,2,1,0
2004,5,0,1,1,0
2004,0,1,0,1,0
2004,2,0,1,2,0
2004,2,0,1,1,0
2004,0,0,2,1,0
2004,0,2,2,1,0
2004,0,0,0,1,0
2004,0,2,0,2,0
2004,0,1,0,2,0
2004,0,1,0,2,0
2004,0,0,1,1,0
2004,0,2,1,1,0
2004,0,2,0,1,0
2004,0,1,1,1,0
2004,1,0,1,1,0
2004,2,0,0,2,0
2004,2,0,0,2,0
2004,0,2,2,1,0
2004,0,2,2,1,0
2004,1,0,1,1,0
2004,4,0,1,1,0
2004,0,1,0,1,0
2004,0,0,2,1,0
2004,0,1,1,1,0
2004,0,0,1,1,0
2004,4,3,0,1,0
2004,0,2,0,1,0
2004,2,0,0,2,0
2004,2,0,0,2,0
2004,0,1,0,1,0
2004,0,2,2,1,0
2004,0,2,2,1,0
2004,0,2,1,1,0
2004,0,2,2,1,0
2004,0,3,4,1,0
2004,0,2,1,1,0
2004,4,2,1,1,0
2004,0,0,0,1,0
2004,0,0,1,1,0
2004,0,1,0,1,0
2004,0,2,0,1,0
2004,0,1,2,1,0
2004,2,2,1,1,0
2004,4,2,2,1,0
2004,0,0,1,1,0
2004,0,2,2,1,0
2004,0,0,1,1,0
2004,0,2,2,1,0
2004,0,2,0,1,0
2004,0,2,0,1,0
2004,0,0,0,1,0
2004,1,2,2,1,0
2004,0,0,0,1,0
2004,4,1,1,1,0
2004,0,2,0,1,0
2004,0,0,0,1,0
2004,1,2,0,1,0
2004,0,2,0,1,0
2004,0,0,1,1,0
2004,0,1,2,1,0
2004,6,0,0,1,0
2004,0,0,1,1,0
2004,0,2,2,1,0
2004,0,0,0,1,0
2004,0,1,0,1,0
2004,5,3,2,1,0
2004,1,3,0,1,0
2004,0,2,0,1,0
2004,2,0,1,1,0
2004,0,2,0,1,0
2004,0,2,2,1,0
2004,0,2,2,1,0
2004,0,2,0,1,0
2004,0,2,1,1,0
2004,0,2,1,1,0
2004,0,2,2,1,0
2004,0,0,1,1,0
2004,0,0,0,1,0
2004,0,0,2,1,0
2004,0,2,2,1,0
2004,0,2,1,1,0
2004,0,2,1,1,0
2004,0,2,2,1,0
2004,0,3,0,1,0
2004,0,0,1,1,0
2004,0,0,1,1,0
2004,0,2,2,1,0
2004,0,2,0,1,0
2004,0,1,0,1,0
2004,0,0,1,1,0
2004,0,0,2,1,0
2004,0,1,1,1,0
2004,0,0,2,1,0
2004,0,0,1,1,0
2004,0,0,0,1,0
2004,0,0,2,1,0
2004,0,0,0,1,0
2004,0,1,1,2,0
2004,0,0,2,1,0
2004,0,0,0,1,0
2004,0,2,1,1,0
2004,0,0,2,1,0
2004,0,0,0,1,0
2004,0,0,1,1,0
2004,0,3,0,1,0
2004,0,2,1,1,0
2004,0,2,0,1,0
2004,0,0,0,1,0
2004,0,2,2,1,0
2004,1,3,1,1,0
2004,0,0,0,2,0
2004,0,2,2,1,0
2004,0,0,2,1,0
2004,0,1,0,1,0
2004,0,0,0,1,0
2004,0,0,2,1,0
2004,0,2,1,1,0
2004,5,3,1,1,0
2004,0,2,0,1,0
2004,0,0,0,1,0
2004,0,0,1,1,0
2004,0,3,3,2,0
2004,0,2,3,1,0
2004,0,2,2,1,0
2004,0,2,2,1,0
2004,0,0,1,1,0
2004,0,1,1,1,0
2004,0,1,0,1,0
2004,0,3,0,1,0
2004,0,0,1,1,0
2004,0,2,2,1,0
2004,0,2,1,1,0
2004,2,0,3,1,0
2004,0,0,1,1,0
2004,0,0,0,1,0
2004,0,2,1,1,0
2004,0,2,0,1,0
2004,0,2,2,1,0
2004,0,2,2,1,0
2004,0,3,1,2,0
2004,4,1,1,1,0
2003,0,0,0,1,0
2003,0,2,2,1,0
2003,2,0,1,2,0
2003,2,0,1,2,0
2003,2,0,1,2,0
2003,2,0,1,1,0
2003,2,0,1,1,0
2003,2,0,1,1,0
2003,2,0,1,1,0
2003,4,2,1,1,0
2003,0,0,1,1,0
2003,0,2,2,,0
2003,0,1,0,1,0
2003,0,0,1,1,0
2003,4,1,1,1,0
2003,0,2,0,1,0
2003,0,,1,1,0
2003,0,1,0,1,0
2003,0,0,0,1,0
2003,1,0,1,1,0
2003,0,1,0,1,0
2003,0,2,1,1,0
2003,5,0,1,1,0
2003,0,0,0,1,0
2003,2,0,0,1,0
2003,2,0,0,2,0
2003,0,0,2,1,0
2003,0,0,0,1,0
2003,0,2,2,1,0
2003,0,0,0,1,0
2003,0,0,0,1,0
2003,0,2,2,1,0
2003,0,2,2,1,0
2003,0,3,2,1,0
2003,0,2,1,1,0
2003,1,0,0,1,0
2003,0,3,0,1,0
2003,0,1,1,1,0
2003,0,2,2,1,0
2003,0,1,0,1,0
2003,0,2,0,1,0
2003,0,2,2,1,0
2003,2,0,0,1,0
2003,0,0,0,1,0
2003,0,2,0,1,0
2003,0,0,0,1,0
2003,2,0,0,1,0
2003,0,0,2,1,0
2003,0,1,0,1,0
2003,0,0,2,1,0
2003,0,2,1,2,0
2003,0,0,3,1,0
2003,0,3,4,1,0
2003,0,2,1,1,0
2003,0,2,3,1,0
2003,0,2,2,1,0
2003,0,0,1,1,0
2003,0,0,4,1,0
2003,2,0,0,1,0
2003,0,2,1,1,0
2003,0,0,1,1,0
2003,0,2,1,1,0
2003,0,2,1,1,0
2003,0,2,0,1,0
2003,0,0,0,1,0
2003,0,2,1,1,0
2003,0,2,1,1,0
2003,0,0,1,1,0
2003,0,1,4,1,0
2003,0,2,1,1,0
2003,0,2,0,1,0
2003,2,0,2,1,0
2003,0,2,0,1,0
2003,0,3,2,1,0
2003,0,2,3,1,0
2003,0,2,0,2,0
2003,0,1,0,1,0
2003,0,2,1,1,0
2003,0,3,2,1,0
2003,0,2,1,1,0
2003,0,2,2,1,0
2003,0,2,2,1,0
2003,0,0,0,1,0
2003,0,0,4,2,0
2003,0,2,0,1,0
2003,0,0,0,2,0
2003,0,1,1,1,0
2003,0,2,0,1,0
2003,0,0,1,1,0
2003,0,0,1,1,0
2003,0,1,0,1,0
2003,0,2,2,1,0
2003,0,0,2,1,0
2003,0,0,2,1,0
2003,0,0,1,1,0
2003,0,0,1,1,0
2003,0,0,1,1,0
2003,2,0,0,1,0
2003,0,0,0,1,0
2003,0,1,3,2,0
2003,0,0,0,1,0
2003,0,2,2,1,0
2003,0,0,1,1,0
2003,0,2,2,1,0
2003,0,0,2,1,0
2003,0,0,2,1,0
2003,0,0,1,2,0
2003,0,0,2,1,0
2003,0,0,2,1,0
2003,5,2,0,1,0
2003,6,0,2,1,0
2003,0,0,1,1,0
2003,2,0,1,1,0
2003,0,0,1,1,0
2003,0,2,0,1,0
2003,0,2,2,1,0
2003,0,2,2,1,0
2003,0,0,2,1,0
2003,0,0,0,1,0
2003,0,0,1,1,0
2003,2,0,2,2,0
2003,0,0,1,1,0
2003,0,0,1,1,0
2003,0,2,2,1,0
2003,0,0,1,1,0
2003,4,0,1,2,0
2003,0,0,0,1,0
2003,0,2,0,1,0
2003,0,1,0,1,0
2003,0,1,1,2,0
2003,0,0,2,1,0
2003,0,2,2,1,0
2003,0,0,2,1,0
2003,0,0,1,2,0
2003,0,0,2,1,0
2003,0,2,0,2,0
2003,0,0,0,1,0
2003,0,2,2,1,0
2003,0,0,1,1,0
2003,4,0,1,1,0
2003,0,1,3,1,0
2003,0,0,0,1,0
2003,0,2,1,1,0
2003,4,1,1,1,0
2003,0,0,2,1,0
2003,0,0,0,2,0
2003,0,0,0,1,0
2003,0,2,2,1,0
2003,0,2,1,1,0
2003,0,2,0,1,0
2003,0,2,0,1,0
2003,0,2,2,1,0
2003,0,1,2,1,0
2003,0,0,0,1,0
2003,0,2,2,1,0
2003,0,3,0,1,0
2003,0,0,0,1,0
2003,0,0,1,1,0
2003,0,2,2,1,0
2003,0,2,2,1,0
2003,0,0,1,1,0
2003,0,3,4,1,0
2003,0,1,0,1,0
2003,0,2,0,1,0
2003,0,2,1,1,0
2003,0,0,1,1,0
2003,4,1,1,1,0
2003,0,0,0,1,0
2003,2,3,0,1,0
2003,2,3,0,2,0
2003,0,0,1,1,0
2003,0,0,1,1,0
2003,0,2,2,1,0
2003,2,0,0,2,0
2003,0,0,1,1,0
2003,0,0,2,1,0
2003,0,2,1,1,0
2003,0,0,0,1,0
2003,0,0,2,2,0
2003,0,2,2,1,0
2003,0,0,0,1,0
2003,0,3,1,1,0
2003,0,2,2,1,0
2003,0,2,1,2,0
2003,0,2,1,1,0
2003,0,2,1,1,0
2003,0,1,1,1,0
2003,0,1,2,1,0
2003,2,0,0,1,0
2003,0,2,2,1,0
2003,0,0,1,1,0
2003,0,0,0,2,0
2003,2,,0,2,0
2003,0,3,2,1,0
2003,2,0,0,2,0
2003,0,2,0,1,0
2003,0,2,0,2,0
2003,0,0,0,1,0
2003,0,2,2,1,0
2003,0,0,3,1,0
2003,0,0,0,1,0
2003,2,0,2,2,0
2003,2,0,3,2,0
2003,0,0,1,1,0
2003,0,2,2,1,0
2002,0,0,0,1,0
2002,1,1,0,1,0
2002,0,0,2,1,0
2002,0,0,0,1,0
2002,0,0,1,1,0
2002,0,0,0,1,0
2002,4,0,1,1,0
2002,4,0,0,1,0
2002,0,0,0,2,0
2002,0,2,0,1,0
2002,0,2,2,1,0
2002,0,2,1,1,0
2002,0,2,3,1,0
2002,0,0,0,1,0
2002,0,0,1,1,0
2002,0,0,2,1,0
2002,0,2,2,1,0
2002,0,2,1,1,0
2002,0,2,2,1,0
2002,2,0,2,1,0
2002,0,2,2,1,0
2002,0,2,2,1,0
2002,4,3,1,1,0
2002,0,2,0,1,0
2002,6,2,2,1,0
2002,0,2,0,2,0
2002,0,0,0,1,0
2002,0,2,0,1,0
2002,0,2,0,1,0
2002,0,2,1,1,0
2002,0,2,2,1,0
2002,0,2,1,1,0
2002,0,2,0,1,0
2002,0,2,2,1,0
2002,0,2,2,1,0
2002,0,2,3,1,0
2002,0,2,0,1,0
2002,0,0,0,1,0
2002,4,3,4,1,0
2002,0,0,0,1,0
2002,0,2,1,1,0
2002,5,0,1,1,0
2002,2,0,0,2,0
2002,0,0,2,1,0
2002,0,0,1,1,0
2002,0,2,3,1,0
2002,0,2,4,1,0
2002,0,0,1,1,0
2002,0,0,2,1,0
2002,0,0,2,1,0
2002,0,2,2,1,0
2002,0,2,0,1,0
2002,4,2,1,1,0
2002,0,2,2,1,0
2002,0,1,0,1,0
2002,0,2,2,1,0
2002,0,0,0,2,0
2002,0,2,3,1,0
2002,0,1,1,1,0
2002,2,0,0,2,0
2002,0,2,4,1,0
2002,0,1,0,1,0
2002,0,1,3,1,0
2002,2,0,0,1,0
2002,0,0,0,1,0
2002,0,0,2,2,0
2002,2,0,1,1,0
2002,0,2,2,1,0
2002,0,0,0,1,0
2002,0,0,1,1,0
2002,2,0,1,1,0
2002,0,0,2,1,0
2002,0,2,3,1,0
2002,0,2,2,1,0
2002,0,2,2,2,0
2002,0,1,1,1,0
2002,1,3,0,1,0
2002,0,0,1,1,0
2002,5,1,1,1,0
2002,0,0,0,1,0
2002,0,0,1,1,0
2002,0,0,1,1,0
2002,0,2,0,1,0
2002,0,0,0,1,0
2002,0,2,1,1,0
2002,0,2,1,1,0
2002,0,0,0,1,0
2002,0,0,0,2,0
2002,0,3,1,1,0
2002,0,2,2,1,0
2002,0,2,0,1,0
2002,0,1,1,1,0
2002,0,2,2,1,0
2002,0,2,4,1,0
2002,0,0,1,1,0
2002,2,0,0,1,0
2002,0,1,1,1,0
2002,0,0,0,1,0
2002,0,0,0,1,0
2002,0,0,0,1,0
2002,0,0,0,1,0
2002,0,2,2,1,0
2002,2,0,1,1,0
2002,2,0,2,1,0
2002,0,0,1,1,0
2002,0,0,2,1,0
2002,0,2,1,1,0
2002,0,1,1,1,0
2002,0,0,0,2,0
2002,0,0,1,1,0
2002,0,0,2,1,0
2002,0,0,1,1,0
2002,4,2,1,1,0
2002,0,0,0,1,0
2002,0,2,1,1,0
2002,0,0,0,1,0
2002,6,0,2,1,0
2002,0,0,0,1,0
2002,0,1,0,1,0
2002,2,0,0,1,0
2002,0,0,0,1,0
2002,0,3,1,1,0
2002,2,3,0,1,0
2002,0,1,1,1,0
2002,0,0,5,1,0
2002,2,0,0,1,0
2002,0,0,2,1,0
2002,0,0,2,1,0
2002,0,0,0,1,0
2002,0,0,1,1,0
2002,0,,1,2,0
2002,0,0,1,1,0
2002,0,0,1,1,0
2002,0,3,1,1,0
2002,0,0,1,1,0
2002,0,0,0,1,0
2002,2,0,2,2,0
2002,4,1,1,1,0
2002,2,0,0,1,0
2002,0,1,2,1,0
2002,0,1,1,1,0
2002,0,0,1,1,0
2002,0,0,0,1,0
2002,0,2,3,1,0
2002,0,1,0,1,0
2002,0,1,1,1,0
2002,0,0,2,1,0
2002,0,1,1,1,0
2002,0,2,2,1,0
2002,0,1,3,1,0
2002,0,0,1,1,0
2002,0,3,0,2,0
2002,0,3,2,1,0
2002,0,0,2,1,0
2002,5,1,0,1,0
2002,0,0,0,1,0
2002,0,2,2,1,0
2002,2,0,1,2,0
2002,2,0,1,1,0
2002,0,3,0,1,0
2002,0,2,0,1,0
2002,0,0,2,1,0
2002,0,0,0,1,0
2002,4,0,2,1,0
2002,0,2,2,1,0
2002,0,0,2,1,0
2002,0,0,1,1,0
2002,0,0,0,1,0
2002,0,0,1,1,0
2002,2,0,1,1,0
2002,2,0,1,1,0
2002,2,0,1,1,0
2002,0,0,0,1,0
2002,0,0,0,1,0
2002,0,0,0,2,0
2002,0,0,0,1,0
2002,0,0,0,2,0
2002,2,0,4,1,0
2002,0,0,2,1,0
2002,0,2,2,1,0
2002,0,0,1,1,0
2002,0,0,0,1,0
2002,0,2,1,1,0
2002,1,0,1,1,0
2002,2,0,2,2,0
2002,0,2,2,1,0
2002,0,0,1,1,0
2002,0,1,2,1,0
2002,0,2,2,1,0
2002,0,1,1,1,0
2002,0,0,1,1,0
2002,0,1,0,1,0
2002,0,0,0,1,0
2002,0,2,0,1,0
2002,0,0,1,1,0
2002,0,2,1,1,0
2002,0,1,1,1,0
2002,0,2,2,1,0
2002,0,2,4,1,0
2002,0,1,2,1,0
2002,0,2,2,1,0
2002,0,3,0,1,0
2002,0,0,3,1,0
2002,0,0,0,1,0
2002,0,2,1,1,0
2002,6,0,0,1,0
2002,0,0,1,1,0
2002,0,2,2,1,0
2002,2,0,1,2,0
2002,6,3,0,1,0
2002,0,0,0,1,0
2002,0,0,0,2,0
2002,0,2,2,1,1
2002,0,2,0,1,1
2002,0,2,2,1,1
2002,0,2,2,1,1
2002,0,2,2,1,1
2002,0,0,1,1,1
2002,0,2,2,1,1
2002,4,2,1,2,1
2002,0,2,2,1,1
2002,0,2,2,1,1
2002,0,2,1,1,1
2002,0,0,1,1,1
2002,0,0,2,1,1
2002,0,2,0,1,1
2002,2,0,0,2,1
2002,0,0,1,1,1
2002,5,2,2,1,1
2002,0,1,1,2,1
2002,0,2,1,1,1
2002,0,0,1,1,1
2002,0,2,0,1,1
2002,0,1,2,1,1
2002,2,0,0,1,1
2002,0,2,2,1,1
2002,0,1,0,1,1
2001,0,0,0,1,1
2001,0,0,0,1,1
2001,0,0,0,1,1
2001,0,2,1,1,1
2001,0,1,0,1,1
2001,0,2,0,1,1
2001,0,3,0,1,1
2001,2,0,0,2,1
2001,2,0,0,1,1
2001,5,2,5,1,1
2001,0,1,0,1,1
2001,0,2,1,1,1
2001,2,0,0,2,1
2001,0,2,1,1,1
2001,0,0,1,1,1
2001,0,2,0,1,1
2001,0,2,2,1,1
2001,4,1,0,1,1
2001,0,1,0,1,1
2001,0,1,0,1,1
2001,0,2,2,1,1
2001,2,0,0,2,1
2001,0,2,2,1,1
2001,0,0,2,1,1
2001,0,0,1,1,1
2001,6,1,0,2,1
2001,0,0,0,1,1
2001,0,2,2,1,1
2001,0,2,1,1,1
2001,0,2,2,1,1
2001,0,1,0,1,1
2001,0,0,0,1,1
2001,0,2,2,1,1
2001,0,2,2,1,1
2001,0,1,0,1,1
2001,0,2,1,1,1
2001,2,0,2,1,1
2001,2,0,2,1,1
2001,0,0,0,1,1
2001,0,1,1,1,1
2001,4,3,2,1,1
2001,0,2,0,1,1
2001,0,0,2,1,1
2001,4,0,1,1,1
2001,0,2,0,1,1
2001,0,1,1,1,1
2001,4,0,0,2,1
2001,0,2,2,1,1
2001,0,2,2,1,1
2001,0,2,2,1,1
2001,0,2,2,1,1
2001,2,0,1,1,1
2001,2,0,1,1,1
2001,6,0,0,2,1
2001,0,0,1,1,1
2001,0,2,1,1,1
2001,0,2,1,1,1
2001,0,2,1,1,1
2001,0,2,0,1,1
2001,0,0,0,1,1
2001,0,0,0,1,1
2001,0,3,0,1,1
2001,5,2,2,1,1
2001,0,2,2,1,1
2001,0,1,1,1,1
2001,0,0,1,1,1
2001,4,0,5,2,1
2001,0,2,1,1,1
2001,0,0,1,1,1
2001,0,0,3,2,1
2001,0,,2,1,1
2001,0,0,1,1,1
2001,0,2,1,1,1
2001,0,0,1,2,1
2001,0,1,0,1,1
2001,0,0,2,1,1
2001,0,0,2,1,1
2001,0,0,5,1,1
2001,0,3,2,1,1
2001,0,0,1,1,1
2001,0,0,0,1,1
2001,2,0,0,1,1
2001,0,1,0,1,1
2001,0,2,3,1,1
2001,0,2,1,1,1
2001,0,1,3,1,1
2001,0,1,3,1,1
2001,0,0,3,1,1
2001,6,1,0,2,1
2001,2,0,3,2,1
2001,0,0,0,1,1
2001,0,1,1,1,1
2001,0,0,1,1,1
2001,0,3,0,1,1
2001,0,1,0,1,1
2001,0,0,3,1,1
2001,0,1,1,1,1
2001,0,2,1,1,1
2001,0,0,0,1,1
2001,0,0,0,1,1
2001,0,0,2,1,1
2001,0,1,0,1,1
2001,0,2,2,1,1
2001,0,2,1,1,1
2001,0,0,0,1,1
2001,0,0,0,1,1
2001,0,1,0,1,1
2001,0,0,2,1,1
2001,0,1,1,1,1
2001,0,2,1,1,1
2001,0,0,2,1,1
2001,2,0,2,1,1
2001,2,0,2,1,1
2001,0,2,2,1,1
2001,0,2,2,1,1
2001,0,0,1,1,1
2001,0,3,2,1,1
2001,0,2,0,1,1
2001,0,0,2,1,1
2001,0,0,2,1,1
2001,0,2,0,1,1
2001,0,1,0,1,1
2001,0,1,0,1,1
2001,0,0,2,1,1
2001,0,1,0,1,1
2001,0,2,2,1,1
2001,0,3,1,1,1
2001,0,1,2,1,1
2001,0,0,0,1,1
2001,0,0,2,1,1
2001,0,2,2,1,1
2001,0,1,0,1,1
2001,0,2,0,1,1
2001,2,0,2,1,1
2001,4,1,0,1,1
2001,0,2,1,1,1
2001,2,2,2,1,1
2001,5,0,1,1,1
2001,0,0,1,1,1
2001,0,2,2,1,1
2001,0,0,0,1,1
2001,0,0,1,1,1
2001,0,0,0,1,1
2001,0,1,2,1,1
2001,0,1,2,1,1
2001,0,0,1,1,1
2001,0,1,3,2,1
2001,5,0,2,1,1
2001,0,2,0,1,1
2001,2,0,0,1,1
2001,0,0,2,1,1
2001,0,0,1,1,1
2001,0,0,2,1,1
2001,0,0,2,1,1
2001,0,1,1,1,1
2001,2,0,0,1,1
2001,0,0,1,1,1
2001,0,2,0,1,1
2001,0,0,1,2,1
2001,0,0,0,1,1
2001,0,0,1,1,1
2001,2,0,2,2,1
2001,2,0,2,2,1
2001,2,0,2,2,1
2001,2,0,2,2,1
2001,0,2,2,2,1
2001,0,0,2,1,1
2001,0,2,2,1,1
2001,0,2,1,1,1
2001,0,0,2,1,1
2001,0,2,1,1,1
2001,0,2,1,1,1
2001,0,0,3,1,1
2001,0,2,2,1,1
2001,0,0,0,2,1
2001,0,0,1,2,1
2001,0,0,2,1,1
2001,0,2,2,1,1
2001,0,1,2,1,1
2001,0,2,0,1,1
2001,0,0,2,1,1
2001,0,1,2,1,1
2001,0,0,1,2,1
2001,0,0,1,1,1
2001,0,1,2,1,1
2001,0,0,0,1,1
2001,0,0,1,1,1
2001,0,2,1,1,1
2001,0,,2,1,1
2000,0,0,1,1,1
2000,0,2,0,1,1
2000,6,0,2,1,1
2000,0,0,1,1,1
2000,0,0,1,1,1
2000,0,2,1,1,1
2000,0,2,1,1,1
2000,0,0,2,1,1
2000,0,0,2,1,1
2000,0,0,2,2,1
2000,4,0,1,1,1
2000,0,2,1,1,1
2000,0,2,0,1,1
2000,0,1,1,1,1
2000,0,1,1,1,1
2000,0,0,0,1,1
2000,0,0,0,2,1
2000,0,0,4,1,1
2000,0,0,1,1,1
2000,2,0,0,1,1
2000,2,0,0,2,1
2000,2,0,0,2,1
2000,0,0,1,1,1
2000,0,1,0,1,1
2000,0,0,1,1,1
2000,0,3,0,1,1
2000,2,2,2,1,1
2000,5,1,0,1,1
2000,0,0,1,1,1
2000,0,0,0,1,1
2000,2,0,0,1,1
2000,0,2,0,1,1
2000,0,0,2,1,1
2000,0,0,2,1,1
2000,0,2,2,1,1
2000,0,0,2,1,1
2000,0,2,1,1,1
2000,2,0,2,1,1
2000,0,2,2,1,1
2000,0,2,1,1,1
2000,0,0,0,1,1
2000,0,0,2,1,1
2000,0,0,2,1,1
2000,0,2,2,1,1
2000,0,0,0,1,1
2000,0,0,0,1,1
2000,0,2,2,1,1
2000,0,0,1,2,1
2000,0,0,0,1,1
2000,0,0,1,1,1
2000,0,2,1,1,1
2000,0,2,1,1,1
2000,0,2,2,1,1
2000,0,2,0,1,1
2000,0,0,1,1,1
2000,0,0,1,1,1
2000,0,2,2,1,1
2000,0,0,0,1,1
2000,0,0,2,1,1
2000,0,1,0,1,1
2000,0,2,2,1,1
2000,0,1,0,1,1
2000,0,2,1,1,1
2000,0,2,3,1,1
2000,0,0,2,1,1
2000,0,0,4,1,1
2000,0,0,2,1,1
2000,0,2,1,1,1
2000,0,1,1,1,1
2000,0,0,0,1,1
2000,0,0,2,1,1
2000,0,2,1,1,1
2000,0,0,1,1,1
2000,0,2,1,1,1
2000,0,2,1,1,1
2000,0,0,0,1,1
2000,0,0,2,1,1
2000,0,1,1,1,1
2000,2,0,1,2,1
2000,0,2,1,1,1
2000,0,2,0,1,1
2000,0,2,1,1,1
2000,0,0,1,1,1
2000,0,1,0,2,1
2000,0,1,0,1,1
2000,0,2,1,1,1
2000,0,2,2,1,1
2000,0,0,0,1,1
2000,0,2,3,1,1
2000,0,1,1,1,1
2000,0,2,2,1,1
2000,0,3,1,1,1
2000,0,2,0,1,1
2000,4,1,2,1,1
2000,0,0,1,1,1
2000,0,2,2,1,1
2000,0,0,1,1,1
2000,0,2,3,2,1
2000,0,2,1,1,1
2000,0,2,1,1,1
2000,0,0,2,1,1
2000,0,2,1,1,1
2000,0,3,0,1,1
2000,0,2,1,1,1
2000,0,0,0,1,1
2000,2,0,0,1,1
2000,0,3,1,1,1
2000,2,2,0,2,1
2000,0,2,2,1,1
2000,0,0,1,1,1
2000,0,0,1,1,1
2000,0,0,2,1,1
2000,0,2,1,1,1
2000,2,0,4,1,1
2000,5,2,2,1,1
2000,0,0,0,1,1
2000,6,0,2,1,1
2000,0,0,1,1,1
2000,0,0,1,1,1
2000,0,0,1,1,1
2000,2,0,0,1,1
2000,0,2,2,1,1
2000,0,2,2,1,1
2000,6,3,1,1,1
2000,0,0,1,1,1
2000,0,2,2,1,1
2000,0,0,0,2,1
2000,0,0,0,1,1
2000,0,2,2,1,1
2000,0,2,1,1,1
2000,0,0,2,1,1
2000,0,2,0,1,1
2000,0,0,2,1,1
2000,0,0,0,1,1
2000,0,0,2,1,1
2000,0,1,0,1,1
2000,0,2,0,1,1
2000,2,0,3,2,1
2000,0,0,1,1,1
2000,0,0,1,1,1
2000,0,2,1,1,1
2000,0,0,0,1,1
2000,0,1,0,1,1
2000,0,1,0,1,1
2000,0,2,2,1,1
2000,0,2,2,1,1
2000,0,0,0,1,1
2000,0,0,1,1,1
2000,5,3,1,1,1
2000,0,2,1,1,1
2009,0,0,2,1,1
2009,0,0,2,1,1
2009,1,2,1,1,1
2009,0,0,2,1,1
2009,0,1,2,1,1
2009,0,1,2,1,1
2008,0,0,0,1,1
2009,0,0,2,1,0

